episode,length,time,reward,delta
0,480.0,0.02126300000008996,-1964.0,99.99974081013264
1,116.0,0.005184000000099331,-412.0,49.99987040506632
2,62.0,0.002753000000211614,-61.0,24.999935202533166
3,83.0,0.0036450000000058935,-82.0,12.49996760126659
4,189.0,0.008313000000043758,-485.0,6.249983800633302
5,68.0,0.003003000000035172,32.0,3.124991900316658
6,192.0,0.008336999999983163,-884.0,1.562495950158322
7,72.0,0.003167000000075859,-71.0,0.7812479750791539
8,16.0,0.0008080000000063592,84.0,0.39062398753956984
9,30.0,0.0013619999999718857,70.0,0.19531199376977781
10,45.0,0.002025000000003274,-44.0,0.0976559968848818
11,81.0,0.003580000000056316,-377.0,0.048827998442433795
12,18.0,0.0008290000000670261,82.0,0.024413999221209792
13,31.0,0.001395999999886044,-30.0,0.01220699961059779
14,21.0,0.0009750000001531589,79.0,0.00610349980529179
15,19.0,0.0008729999999559368,81.0,0.0030517499026387895
16,17.0,0.0007869999999456923,83.0,0.0015258749513265002
17,37.0,0.0016590000000178406,-36.0,0.0007629374756703555
18,24.0,0.0011630000001332519,-23.0,0.0003814687378422832
19,28.0,0.0012650000001031003,72.0,0.00019073436892824702
20,28.0,0.0012770000000728032,72.0,9.536718447122894e-05
21,21.0,0.0010140000001683802,79.0,4.768359222850904e-05
22,21.0,0.0009610000001885055,-20.0,2.3841796107149094e-05
23,20.0,0.0009159999999610591,80.0,1.192089804646912e-05
24,14.0,0.0006600000001526496,86.0,5.960449030339987e-06
25,22.0,0.0009999999999763531,78.0,2.980224522275421e-06
26,21.0,0.0009560000000874425,79.0,1.4901122682431378e-06
27,31.0,0.001410000000078071,-30.0,7.450561412269963e-07
28,14.0,0.0007070000001476728,86.0,3.725280777189255e-07
29,23.0,0.001044999999976426,77.0,1.862640459648901e-07
30,23.0,0.0010569999999461288,77.0,9.313201587701769e-08
31,20.0,0.0009179999999560096,80.0,4.656600083308149e-08
32,16.0,0.0007430000000567816,84.0,2.3282993311113387e-08
33,16.0,0.000747999999930471,84.0,1.1641489550129336e-08
34,31.0,0.0013979999998809944,-30.0,5.8207518804920255e-09
35,18.0,0.0008910000001378648,82.0,2.910368834818655e-09
36,16.0,0.0007409999998344574,84.0,1.45517731198197e-09
37,19.0,0.0008709999999609863,81.0,7.275815505636274e-10
38,21.0,0.0009660000000621949,79.0,3.637836698544561e-10
39,19.0,0.000923999999940861,81.0,1.8188472949987045e-10
40,16.0,0.000749000000041633,84.0,9.093525932257762e-11
41,22.0,0.0010139999999410065,78.0,4.546052423393121e-11
42,20.0,0.0009210000000621221,-19.0,2.2723156689608004e-11
43,35.0,0.0015630000000328437,-34.0,1.1354472917446401e-11
44,20.0,0.0009390000000166765,80.0,5.6701310313655995e-12
45,27.0,0.0012719999999717402,-26.0,2.8279600883251987e-12
46,16.0,0.00074399999994057,84.0,1.4068746168049984e-12
47,16.0,0.0007419999999456195,84.0,6.963318810448982e-13
48,38.0,0.0016969999999218999,-37.0,3.552713678800501e-13
49,19.0,0.001391999999896143,-18.0,1.8474111129762605e-13
50,17.0,0.0013099999998757994,83.0,9.947598300641403e-14
51,17.0,0.0008679999998548737,83.0,4.263256414560601e-14
52,19.0,0.0008709999999609863,81.0,1.4210854715202004e-14
53,18.0,0.0008419999999205174,-17.0,1.4210854715202004e-14
54,16.0,0.0007420000001729932,84.0,1.4210854715202004e-14
55,22.0,0.0009990000000925647,78.0,1.4210854715202004e-14
56,20.0,0.000910999999859996,-19.0,1.4210854715202004e-14
57,25.0,0.001207999999905951,75.0,1.4210854715202004e-14
58,30.0,0.001347000000123444,-29.0,1.4210854715202004e-14
59,21.0,0.0009669999999459833,79.0,1.4210854715202004e-14
60,18.0,0.0008309999998346029,82.0,1.4210854715202004e-14
61,47.0,0.002091000000064014,-46.0,1.4210854715202004e-14
62,18.0,0.000841000000036729,82.0,1.4210854715202004e-14
63,18.0,0.0008259999999609136,82.0,1.4210854715202004e-14
64,23.0,0.001044999999976426,77.0,1.4210854715202004e-14
65,24.0,0.0010850000001028093,-23.0,1.4210854715202004e-14
66,18.0,0.0008370000000468281,82.0,1.4210854715202004e-14
67,23.0,0.0010830000001078588,77.0,1.4210854715202004e-14
68,18.0,0.0008339999999407155,82.0,1.4210854715202004e-14
69,14.0,0.0006579999999303254,86.0,1.4210854715202004e-14
70,18.0,0.000831999999945765,82.0,1.4210854715202004e-14
71,32.0,0.0014269999999214633,-130.0,1.4210854715202004e-14
72,16.0,0.00074399999994057,84.0,1.4210854715202004e-14
73,19.0,0.0008880000000317523,-18.0,1.4210854715202004e-14
74,33.0,0.0014690000000427972,-32.0,1.4210854715202004e-14
75,14.0,0.000657000000046537,86.0,1.4210854715202004e-14
76,18.0,0.0008430000000316795,82.0,1.4210854715202004e-14
77,18.0,0.000831999999945765,82.0,1.4210854715202004e-14
78,37.0,0.0016550000000279397,63.0,1.4210854715202004e-14
79,16.0,0.0007540000001426961,84.0,1.4210854715202004e-14
80,19.0,0.0008700000000771979,81.0,1.4210854715202004e-14
81,22.0,0.0009979999999814027,78.0,1.4210854715202004e-14
82,21.0,0.0009529999999813299,79.0,1.4210854715202004e-14
83,18.0,0.0008379999999306165,82.0,1.4210854715202004e-14
84,18.0,0.000835999999935666,82.0,1.4210854715202004e-14
85,14.0,0.0006559999999353749,86.0,1.4210854715202004e-14
86,16.0,0.0007410000000618311,84.0,1.4210854715202004e-14
87,32.0,0.001435000000128639,-31.0,1.4210854715202004e-14
88,16.0,0.0007900000000518048,84.0,1.4210854715202004e-14
89,22.0,0.0010030000000824657,78.0,1.4210854715202004e-14
90,25.0,0.0011419999998452113,-123.0,1.4210854715202004e-14
91,21.0,0.0009569999999712309,-20.0,1.4210854715202004e-14
92,38.0,0.001703000000134125,-37.0,1.4210854715202004e-14
93,18.0,0.0008419999999205174,82.0,1.4210854715202004e-14
94,18.0,0.0008300000001781882,82.0,1.4210854715202004e-14
95,26.0,0.0011739999999917927,-25.0,1.4210854715202004e-14
96,14.0,0.000657000000046537,86.0,1.4210854715202004e-14
97,17.0,0.0007969999999204447,-16.0,1.4210854715202004e-14
98,20.0,0.0009079999999812571,80.0,1.4210854715202004e-14
99,16.0,0.000739999999950669,84.0,1.4210854715202004e-14
100,19.0,0.000867000000198459,81.0,1.4210854715202004e-14
101,34.0,0.0015869999999722495,-231.0,1.4210854715202004e-14
102,23.0,0.0010469999999713764,77.0,1.4210854715202004e-14
103,16.0,0.0007410000000618311,84.0,1.4210854715202004e-14
104,18.0,0.0008800000000519503,82.0,1.4210854715202004e-14
105,24.0,0.0010910000000876607,76.0,1.4210854715202004e-14
106,20.0,0.0009119999999711581,80.0,1.4210854715202004e-14
107,17.0,0.0007989999999153952,83.0,1.4210854715202004e-14
108,16.0,0.0007430000000567816,84.0,1.4210854715202004e-14
109,18.0,0.0008270000000720756,82.0,1.4210854715202004e-14
110,18.0,0.0008270000000720756,82.0,1.4210854715202004e-14
111,19.0,0.0008869999999205902,-18.0,1.4210854715202004e-14
112,40.0,0.0018279999999322172,-138.0,1.4210854715202004e-14
113,18.0,0.0008310000000619766,82.0,1.4210854715202004e-14
114,16.0,0.000758000000132597,84.0,1.4210854715202004e-14
115,16.0,0.0007390000000668806,84.0,1.4210854715202004e-14
116,20.0,0.0009099999999762076,80.0,1.4210854715202004e-14
117,14.0,0.000657000000046537,86.0,1.4210854715202004e-14
118,16.0,0.0007639999998900748,84.0,1.4210854715202004e-14
119,20.0,0.0009760000000369473,80.0,1.4210854715202004e-14
120,21.0,0.0009589999999661813,79.0,1.4210854715202004e-14
121,28.0,0.0012549999999009742,72.0,1.4210854715202004e-14
122,25.0,0.0011770000000979053,75.0,1.4210854715202004e-14
123,17.0,0.0007890000001680164,83.0,1.4210854715202004e-14
124,24.0,0.0011030000000573636,76.0,1.4210854715202004e-14
125,20.0,0.0009259999999358115,80.0,1.4210854715202004e-14
126,14.0,0.0006559999999353749,86.0,1.4210854715202004e-14
127,18.0,0.0008330000000569271,82.0,1.4210854715202004e-14
128,14.0,0.000674000000117303,86.0,1.4210854715202004e-14
129,19.0,0.0008780000000569999,81.0,1.4210854715202004e-14
130,14.0,0.0007040000000415603,86.0,1.4210854715202004e-14
131,41.0,0.0018219999999473657,-139.0,1.4210854715202004e-14
132,18.0,0.0008430000000316795,82.0,1.4210854715202004e-14
133,19.0,0.0008740000000670989,81.0,1.4210854715202004e-14
134,19.0,0.0008689999999660358,-18.0,1.4210854715202004e-14
135,18.0,0.0008250000000771252,82.0,1.4210854715202004e-14
136,18.0,0.0008360000001630397,82.0,1.4210854715202004e-14
137,14.0,0.0007140000000163127,86.0,1.4210854715202004e-14
138,18.0,0.0008330000000569271,82.0,1.4210854715202004e-14
139,40.0,0.0017829999999321444,-237.0,1.4210854715202004e-14
140,17.0,0.0007819999998446292,83.0,1.4210854715202004e-14
141,32.0,0.0014340000000174769,-130.0,1.4210854715202004e-14
142,16.0,0.0007559999999102729,84.0,1.4210854715202004e-14
143,18.0,0.0008849999999256397,82.0,1.4210854715202004e-14
144,17.0,0.0007909999999355932,83.0,1.4210854715202004e-14
145,18.0,0.000827999999955864,82.0,1.4210854715202004e-14
146,20.0,0.0009270000000469736,80.0,1.4210854715202004e-14
147,32.0,0.0014269999999214633,-31.0,1.4210854715202004e-14
148,21.0,0.0009529999999813299,-20.0,1.4210854715202004e-14
149,14.0,0.0006719999998949788,86.0,1.4210854715202004e-14
150,23.0,0.0010439999998652638,77.0,1.4210854715202004e-14
151,23.0,0.0010399999998753628,77.0,1.4210854715202004e-14
152,18.0,0.0008270000000720756,82.0,1.4210854715202004e-14
153,14.0,0.000665000000026339,86.0,1.4210854715202004e-14
154,16.0,0.0007720000000972504,84.0,1.4210854715202004e-14
155,18.0,0.0008309999998346029,82.0,1.4210854715202004e-14
156,24.0,0.0010859999999865977,76.0,1.4210854715202004e-14
157,14.0,0.0006710000000111904,86.0,1.4210854715202004e-14
158,41.0,0.0018229999998311541,-40.0,1.4210854715202004e-14
159,22.0,0.001002999999855092,78.0,1.4210854715202004e-14
160,18.0,0.0008390000000417785,82.0,1.4210854715202004e-14
161,14.0,0.0006580000001576991,86.0,1.4210854715202004e-14
162,14.0,0.0006580000001576991,86.0,1.4210854715202004e-14
163,18.0,0.0008419999999205174,82.0,1.4210854715202004e-14
164,18.0,0.0008419999999205174,-17.0,1.4210854715202004e-14
165,30.0,0.0013450000001284934,-128.0,1.4210854715202004e-14
166,46.0,0.00204200000007404,-144.0,1.4210854715202004e-14
167,14.0,0.0006609999998090643,86.0,1.4210854715202004e-14
168,17.0,0.0007920000000467553,83.0,1.4210854715202004e-14
169,16.0,0.0007480000001578446,84.0,1.4210854715202004e-14
170,16.0,0.0007579999999052234,84.0,1.4210854715202004e-14
171,15.0,0.0007069999999202992,85.0,1.4210854715202004e-14
172,18.0,0.0008400000001529406,82.0,1.4210854715202004e-14
173,16.0,0.0007440000001679437,84.0,1.4210854715202004e-14
174,15.0,0.0007010000001628214,85.0,1.4210854715202004e-14
175,18.0,0.0008890000001429144,82.0,1.4210854715202004e-14
176,17.0,0.0007900000000518048,83.0,1.4210854715202004e-14
177,16.0,0.0007450000000517321,84.0,1.4210854715202004e-14
178,16.0,0.0007440000001679437,84.0,1.4210854715202004e-14
179,16.0,0.0007559999999102729,84.0,1.4210854715202004e-14
180,22.0,0.0009969999998702406,78.0,1.4210854715202004e-14
181,18.0,0.0008290000000670261,82.0,1.4210854715202004e-14
182,14.0,0.000666000000137501,86.0,1.4210854715202004e-14
183,15.0,0.0007020000000466098,-14.0,1.4210854715202004e-14
184,20.0,0.0009119999999711581,-19.0,1.4210854715202004e-14
185,16.0,0.0007390000000668806,84.0,1.4210854715202004e-14
186,14.0,0.000651999999945474,86.0,1.4210854715202004e-14
187,18.0,0.0008350000000518776,82.0,1.4210854715202004e-14
188,27.0,0.0012139999998908024,-224.0,1.4210854715202004e-14
189,17.0,0.0007829999999557913,83.0,1.4210854715202004e-14
190,21.0,0.0009700000000520959,-20.0,1.4210854715202004e-14
191,20.0,0.0009809999999106367,-19.0,1.4210854715202004e-14
192,23.0,0.0010529999999562278,-22.0,1.4210854715202004e-14
193,17.0,0.0007940000000417058,83.0,1.4210854715202004e-14
194,18.0,0.0008479999999053689,82.0,1.4210854715202004e-14
195,18.0,0.0008800000000519503,82.0,1.4210854715202004e-14
196,20.0,0.0009180000001833832,-19.0,1.4210854715202004e-14
197,22.0,0.0010140000001683802,78.0,1.4210854715202004e-14
198,16.0,0.0007520000001477456,84.0,1.4210854715202004e-14
199,16.0,0.0007489999998142594,84.0,1.4210854715202004e-14
200,30.0,0.0013639999999668362,-128.0,1.4210854715202004e-14
201,16.0,0.0007610000000113359,84.0,1.4210854715202004e-14
202,14.0,0.0007069999999202992,86.0,1.4210854715202004e-14
203,21.0,0.0009700000000520959,-20.0,1.4210854715202004e-14
204,14.0,0.0006549999998242129,86.0,1.4210854715202004e-14
205,18.0,0.0008380000001579901,82.0,1.4210854715202004e-14
206,14.0,0.000661000000036438,86.0,1.4210854715202004e-14
207,15.0,0.0006990000001678709,85.0,1.4210854715202004e-14
208,16.0,0.0007410000000618311,84.0,1.4210854715202004e-14
209,20.0,0.0009249999998246494,80.0,1.4210854715202004e-14
210,16.0,0.0007459999999355205,84.0,1.4210854715202004e-14
211,21.0,0.0009990000000925647,-20.0,1.4210854715202004e-14
212,18.0,0.0008290000000670261,82.0,1.4210854715202004e-14
213,16.0,0.0007639999998900748,84.0,1.4210854715202004e-14
214,18.0,0.0008330000000569271,82.0,1.4210854715202004e-14
215,21.0,0.0009789999999156862,-20.0,1.4210854715202004e-14
216,14.0,0.000661000000036438,86.0,1.4210854715202004e-14
217,14.0,0.0007319999999708671,86.0,1.4210854715202004e-14
218,18.0,0.0008370000000468281,82.0,1.4210854715202004e-14
219,14.0,0.0006589999998141138,86.0,1.4210854715202004e-14
220,21.0,0.0009709999999358843,79.0,1.4210854715202004e-14
221,14.0,0.0006640000001425506,86.0,1.4210854715202004e-14
222,14.0,0.0007120000000213622,86.0,1.4210854715202004e-14
223,20.0,0.0009150000000772707,80.0,1.4210854715202004e-14
224,17.0,0.0007840000000669534,83.0,1.4210854715202004e-14
225,20.0,0.0009290000000419241,-19.0,1.4210854715202004e-14
226,18.0,0.0008239999999659631,82.0,1.4210854715202004e-14
227,19.0,0.00087100000018836,-18.0,1.4210854715202004e-14
228,18.0,0.000827999999955864,82.0,1.4210854715202004e-14
229,14.0,0.0006769999999960419,86.0,1.4210854715202004e-14
230,18.0,0.0008880000000317523,82.0,1.4210854715202004e-14
231,14.0,0.0006619999999202264,86.0,1.4210854715202004e-14
232,24.0,0.0010819999999966967,76.0,1.4210854715202004e-14
233,18.0,0.0008519999998952699,-17.0,1.4210854715202004e-14
234,17.0,0.0007900000000518048,83.0,1.4210854715202004e-14
235,16.0,0.0007470000000466825,84.0,1.4210854715202004e-14
236,14.0,0.000661000000036438,86.0,1.4210854715202004e-14
237,16.0,0.000758000000132597,84.0,1.4210854715202004e-14
238,20.0,0.0009789999999156862,-19.0,1.4210854715202004e-14
239,14.0,0.000661000000036438,86.0,1.4210854715202004e-14
240,16.0,0.00074399999994057,84.0,1.4210854715202004e-14
241,16.0,0.0007619999998951243,84.0,1.4210854715202004e-14
242,21.0,0.0009780000000318978,-20.0,1.4210854715202004e-14
243,18.0,0.000839999999925567,82.0,1.4210854715202004e-14
244,18.0,0.0008389999998144049,82.0,1.4210854715202004e-14
245,22.0,0.0010169999998197454,-21.0,1.4210854715202004e-14
246,18.0,0.0008299999999508145,82.0,1.4210854715202004e-14
247,23.0,0.001046000000087588,-22.0,1.4210854715202004e-14
248,14.0,0.0006569999998191633,86.0,1.4210854715202004e-14
249,16.0,0.0007539999999153224,84.0,1.4210854715202004e-14
250,17.0,0.0008469999997942068,83.0,1.4210854715202004e-14
251,17.0,0.0007939999998143321,83.0,1.4210854715202004e-14
252,18.0,0.0008270000000720756,82.0,1.4210854715202004e-14
253,16.0,0.0007540000001426961,84.0,1.4210854715202004e-14
254,20.0,0.0009170000000722212,-19.0,1.4210854715202004e-14
255,15.0,0.0007020000000466098,85.0,1.4210854715202004e-14
256,18.0,0.000827999999955864,82.0,1.4210854715202004e-14
257,15.0,0.000709999999799038,85.0,1.4210854715202004e-14
258,14.0,0.0006599999999252759,86.0,1.4210854715202004e-14
259,14.0,0.0006549999998242129,86.0,1.4210854715202004e-14
260,23.0,0.0010509999999612774,-22.0,1.4210854715202004e-14
261,26.0,0.0011799999999766442,74.0,1.4210854715202004e-14
262,18.0,0.0008289999998396524,82.0,1.4210854715202004e-14
263,15.0,0.0006980000000567088,85.0,1.4210854715202004e-14
264,14.0,0.0006579999999303254,86.0,1.4210854715202004e-14
265,18.0,0.000841000000036729,82.0,1.4210854715202004e-14
266,18.0,0.0008309999998346029,-17.0,1.4210854715202004e-14
267,16.0,0.0007450000000517321,84.0,1.4210854715202004e-14
268,19.0,0.000875000000178261,81.0,1.4210854715202004e-14
269,17.0,0.0007940000000417058,83.0,1.4210854715202004e-14
270,20.0,0.0009190000000671716,80.0,1.4210854715202004e-14
271,16.0,0.0007430000000567816,84.0,1.4210854715202004e-14
272,16.0,0.000739999999950669,84.0,1.4210854715202004e-14
273,22.0,0.0010150000000521686,-120.0,1.4210854715202004e-14
274,17.0,0.000835999999935666,83.0,1.4210854715202004e-14
275,16.0,0.000747999999930471,84.0,1.4210854715202004e-14
276,14.0,0.0006580000001576991,86.0,1.4210854715202004e-14
277,17.0,0.0007869999999456923,83.0,1.4210854715202004e-14
278,18.0,0.0008259999999609136,82.0,1.4210854715202004e-14
279,16.0,0.0007429999998294079,84.0,1.4210854715202004e-14
280,14.0,0.0006679999999050779,86.0,1.4210854715202004e-14
281,18.0,0.0008459999999104184,82.0,1.4210854715202004e-14
282,22.0,0.0010039999999662541,78.0,1.4210854715202004e-14
283,22.0,0.0010030000000824657,78.0,1.4210854715202004e-14
284,18.0,0.000835999999935666,82.0,1.4210854715202004e-14
285,26.0,0.0011750000001029548,-124.0,1.4210854715202004e-14
286,17.0,0.000831999999945765,-16.0,1.4210854715202004e-14
287,23.0,0.0010469999999713764,-22.0,1.4210854715202004e-14
288,14.0,0.0006670000000212895,86.0,1.4210854715202004e-14
289,20.0,0.0009829999999055872,-19.0,1.4210854715202004e-14
290,14.0,0.0006619999999202264,86.0,1.4210854715202004e-14
291,27.0,0.00123000000007778,-125.0,1.4210854715202004e-14
292,16.0,0.0008039999997890845,84.0,1.4210854715202004e-14
293,24.0,0.001098999999840089,76.0,1.4210854715202004e-14
294,16.0,0.0007499999999254214,84.0,1.4210854715202004e-14
295,14.0,0.0006670000000212895,86.0,1.4210854715202004e-14
296,16.0,0.0007419999999456195,84.0,1.4210854715202004e-14
297,18.0,0.0008300000001781882,82.0,1.4210854715202004e-14
298,18.0,0.0008310000000619766,82.0,1.4210854715202004e-14
299,16.0,0.0007599999999001739,84.0,1.4210854715202004e-14
300,25.0,0.0011850000000777072,75.0,1.4210854715202004e-14
301,16.0,0.0007450000000517321,84.0,1.4210854715202004e-14
302,27.0,0.0012179999998807034,-26.0,1.4210854715202004e-14
303,16.0,0.000749000000041633,84.0,1.4210854715202004e-14
304,14.0,0.0006539999999404245,86.0,1.4210854715202004e-14
305,18.0,0.0008330000000569271,82.0,1.4210854715202004e-14
306,19.0,0.0008739999998397252,81.0,1.4210854715202004e-14
307,18.0,0.0008369999998194544,82.0,1.4210854715202004e-14
308,14.0,0.0006890000001931185,86.0,1.4210854715202004e-14
309,18.0,0.000831999999945765,82.0,1.4210854715202004e-14
310,15.0,0.0007009999999354477,85.0,1.4210854715202004e-14
311,26.0,0.00120399999991605,-124.0,1.4210854715202004e-14
312,18.0,0.0008419999999205174,82.0,1.4210854715202004e-14
313,22.0,0.0010050000000774162,78.0,1.4210854715202004e-14
314,18.0,0.0008430000000316795,82.0,1.4210854715202004e-14
315,21.0,0.0009640000000672444,-20.0,1.4210854715202004e-14
316,15.0,0.0006989999999404972,85.0,1.4210854715202004e-14
317,23.0,0.0010629999999309803,77.0,1.4210854715202004e-14
318,16.0,0.0007600000001275475,84.0,1.4210854715202004e-14
319,16.0,0.0008030000001326698,84.0,1.4210854715202004e-14
320,35.0,0.001573000000007596,-133.0,1.4210854715202004e-14
321,14.0,0.0006750000000010914,86.0,1.4210854715202004e-14
322,15.0,0.0007009999999354477,85.0,1.4210854715202004e-14
323,16.0,0.0007430000000567816,84.0,1.4210854715202004e-14
324,16.0,0.00074399999994057,84.0,1.4210854715202004e-14
325,14.0,0.000657000000046537,86.0,1.4210854715202004e-14
326,14.0,0.0006710000000111904,86.0,1.4210854715202004e-14
327,18.0,0.0008879999998043786,82.0,1.4210854715202004e-14
328,18.0,0.0008350000000518776,82.0,1.4210854715202004e-14
329,18.0,0.0008310000000619766,82.0,1.4210854715202004e-14
330,14.0,0.0006730000000061409,86.0,1.4210854715202004e-14
331,14.0,0.0006579999999303254,86.0,1.4210854715202004e-14
332,16.0,0.0007430000000567816,84.0,1.4210854715202004e-14
333,14.0,0.0006559999999353749,86.0,1.4210854715202004e-14
334,14.0,0.000666000000137501,86.0,1.4210854715202004e-14
335,14.0,0.0007210000001123262,86.0,1.4210854715202004e-14
336,14.0,0.0006590000000414875,86.0,1.4210854715202004e-14
337,16.0,0.0007450000000517321,84.0,1.4210854715202004e-14
338,14.0,0.0006719999998949788,86.0,1.4210854715202004e-14
339,16.0,0.0007550000000264845,84.0,1.4210854715202004e-14
340,14.0,0.0006550000000515865,86.0,1.4210854715202004e-14
341,20.0,0.0009150000000772707,80.0,1.4210854715202004e-14
342,15.0,0.0007080000000314612,85.0,1.4210854715202004e-14
343,18.0,0.0008470000000215805,82.0,1.4210854715202004e-14
344,16.0,0.000747999999930471,84.0,1.4210854715202004e-14
345,14.0,0.0006630000000313885,86.0,1.4210854715202004e-14
346,16.0,0.0007499999999254214,84.0,1.4210854715202004e-14
347,16.0,0.0007579999999052234,84.0,1.4210854715202004e-14
348,14.0,0.0007129999999051506,86.0,1.4210854715202004e-14
349,20.0,0.0009240000001682347,80.0,1.4210854715202004e-14
350,15.0,0.0007020000000466098,85.0,1.4210854715202004e-14
351,17.0,0.0007989999999153952,-16.0,1.4210854715202004e-14
352,18.0,0.0008299999999508145,82.0,1.4210854715202004e-14
353,14.0,0.0006559999999353749,86.0,1.4210854715202004e-14
354,20.0,0.0009150000000772707,-19.0,1.4210854715202004e-14
355,17.0,0.0007980000000316068,83.0,1.4210854715202004e-14
356,16.0,0.0007419999999456195,84.0,1.4210854715202004e-14
357,20.0,0.0009139999999661086,-19.0,1.4210854715202004e-14
358,14.0,0.000657000000046537,86.0,1.4210854715202004e-14
359,14.0,0.0006680000001324515,86.0,1.4210854715202004e-14
360,14.0,0.0006559999999353749,86.0,1.4210854715202004e-14
361,17.0,0.0007889999999406427,83.0,1.4210854715202004e-14
362,18.0,0.0008320000001731387,82.0,1.4210854715202004e-14
363,15.0,0.0007000000000516593,85.0,1.4210854715202004e-14
364,16.0,0.0007550000000264845,84.0,1.4210854715202004e-14
365,20.0,0.0009159999999610591,80.0,1.4210854715202004e-14
366,17.0,0.0007829999999557913,-16.0,1.4210854715202004e-14
367,16.0,0.0007470000000466825,84.0,1.4210854715202004e-14
368,16.0,0.0007600000001275475,84.0,1.4210854715202004e-14
369,19.0,0.0008849999999256397,-18.0,1.4210854715202004e-14
370,19.0,0.0008720000000721484,81.0,1.4210854715202004e-14
371,17.0,0.0007840000000669534,83.0,1.4210854715202004e-14
372,18.0,0.0008350000000518776,82.0,1.4210854715202004e-14
373,14.0,0.0006789999999909924,86.0,1.4210854715202004e-14
374,15.0,0.0007020000000466098,85.0,1.4210854715202004e-14
375,14.0,0.000657000000046537,86.0,1.4210854715202004e-14
376,20.0,0.0009259999999358115,80.0,1.4210854715202004e-14
377,16.0,0.0007499999999254214,84.0,1.4210854715202004e-14
378,16.0,0.000739999999950669,84.0,1.4210854715202004e-14
379,14.0,0.000661000000036438,86.0,1.4210854715202004e-14
380,14.0,0.0006689999997888663,86.0,1.4210854715202004e-14
381,15.0,0.0006989999999404972,85.0,1.4210854715202004e-14
382,16.0,0.00074399999994057,84.0,1.4210854715202004e-14
383,14.0,0.000657000000046537,86.0,1.4210854715202004e-14
384,18.0,0.0008299999999508145,82.0,1.4210854715202004e-14
385,16.0,0.0007450000000517321,84.0,1.4210854715202004e-14
386,16.0,0.0007430000000567816,84.0,1.4210854715202004e-14
387,16.0,0.00074399999994057,84.0,1.4210854715202004e-14
388,14.0,0.0006549999998242129,86.0,1.4210854715202004e-14
389,20.0,0.000923999999940861,80.0,1.4210854715202004e-14
390,14.0,0.0007270000000971777,86.0,1.4210854715202004e-14
391,14.0,0.0006590000000414875,86.0,1.4210854715202004e-14
392,14.0,0.0006630000000313885,86.0,1.4210854715202004e-14
393,16.0,0.000758000000132597,84.0,1.4210854715202004e-14
394,14.0,0.0006619999999202264,86.0,1.4210854715202004e-14
395,15.0,0.000722999999879903,-14.0,1.4210854715202004e-14
396,19.0,0.0008740000000670989,81.0,1.4210854715202004e-14
397,14.0,0.0006539999999404245,86.0,1.4210854715202004e-14
398,22.0,0.0010030000000824657,78.0,1.4210854715202004e-14
399,17.0,0.0007839999998395797,83.0,1.4210854715202004e-14
400,18.0,0.0008330000000569271,82.0,1.4210854715202004e-14
401,14.0,0.0006750000000010914,86.0,1.4210854715202004e-14
402,15.0,0.0006989999999404972,85.0,1.4210854715202004e-14
403,16.0,0.0008190000000922737,84.0,1.4210854715202004e-14
404,14.0,0.0006590000000414875,86.0,1.4210854715202004e-14
405,20.0,0.0009169999998448475,80.0,1.4210854715202004e-14
406,20.0,0.0009150000000772707,80.0,1.4210854715202004e-14
407,14.0,0.0006579999999303254,86.0,1.4210854715202004e-14
408,18.0,0.0008259999999609136,82.0,1.4210854715202004e-14
409,14.0,0.0006550000000515865,86.0,1.4210854715202004e-14
410,14.0,0.0007149999999001011,86.0,1.4210854715202004e-14
411,14.0,0.0006840000000920554,86.0,1.4210854715202004e-14
412,16.0,0.00074399999994057,84.0,1.4210854715202004e-14
413,18.0,0.0008300000001781882,82.0,1.4210854715202004e-14
414,16.0,0.0007550000000264845,84.0,1.4210854715202004e-14
415,14.0,0.0007040000000415603,86.0,1.4210854715202004e-14
416,15.0,0.0007010000001628214,-14.0,1.4210854715202004e-14
417,15.0,0.0006980000000567088,85.0,1.4210854715202004e-14
418,21.0,0.0009760000000369473,-20.0,1.4210854715202004e-14
419,16.0,0.0007469999998193089,84.0,1.4210854715202004e-14
420,16.0,0.0007449999998243584,84.0,1.4210854715202004e-14
421,14.0,0.0006550000000515865,86.0,1.4210854715202004e-14
422,14.0,0.000665000000026339,86.0,1.4210854715202004e-14
423,17.0,0.0008310000000619766,83.0,1.4210854715202004e-14
424,18.0,0.0008350000000518776,82.0,1.4210854715202004e-14
425,18.0,0.0008310000000619766,82.0,1.4210854715202004e-14
426,14.0,0.0006559999999353749,86.0,1.4210854715202004e-14
427,14.0,0.0007360000001881417,86.0,1.4210854715202004e-14
428,14.0,0.000661000000036438,86.0,1.4210854715202004e-14
429,19.0,0.0008769999999458378,-18.0,1.4210854715202004e-14
430,12.0,0.0005719999999200809,88.0,1.4210854715202004e-14
431,16.0,0.0007550000000264845,84.0,1.4210854715202004e-14
432,14.0,0.0007190000001173757,86.0,1.4210854715202004e-14
433,19.0,0.0008840000000418513,-18.0,1.4210854715202004e-14
434,19.0,0.0008809999999357387,-18.0,1.4210854715202004e-14
435,14.0,0.0006759999998848798,86.0,1.4210854715202004e-14
436,14.0,0.000661000000036438,86.0,1.4210854715202004e-14
437,14.0,0.0006580000001576991,86.0,1.4210854715202004e-14
438,15.0,0.0007020000000466098,85.0,1.4210854715202004e-14
439,14.0,0.000657000000046537,86.0,1.4210854715202004e-14
440,14.0,0.0006710000000111904,86.0,1.4210854715202004e-14
441,15.0,0.0007729999999810389,85.0,1.4210854715202004e-14
442,14.0,0.0006619999999202264,86.0,1.4210854715202004e-14
443,19.0,0.0008929999999054417,-18.0,1.4210854715202004e-14
444,16.0,0.0007630000000062864,84.0,1.4210854715202004e-14
445,14.0,0.0006599999999252759,86.0,1.4210854715202004e-14
446,16.0,0.0007430000000567816,84.0,1.4210854715202004e-14
447,16.0,0.0007419999999456195,84.0,1.4210854715202004e-14
448,14.0,0.0006649999997989653,86.0,1.4210854715202004e-14
449,16.0,0.000739999999950669,84.0,1.4210854715202004e-14
450,14.0,0.0006540000001677981,86.0,1.4210854715202004e-14
451,14.0,0.000653000000056636,86.0,1.4210854715202004e-14
452,14.0,0.0006579999999303254,86.0,1.4210854715202004e-14
453,14.0,0.0006690000000162399,86.0,1.4210854715202004e-14
454,14.0,0.0006690000000162399,86.0,1.4210854715202004e-14
455,16.0,0.0007590000000163855,84.0,1.4210854715202004e-14
456,14.0,0.0006590000000414875,86.0,1.4210854715202004e-14
457,15.0,0.0007140000000163127,85.0,1.4210854715202004e-14
458,14.0,0.0006559999999353749,86.0,1.4210854715202004e-14
459,14.0,0.0006540000001677981,86.0,1.4210854715202004e-14
460,16.0,0.0007430000000567816,84.0,1.4210854715202004e-14
461,19.0,0.0008679999998548737,81.0,1.4210854715202004e-14
462,21.0,0.0009679999998297717,-20.0,1.4210854715202004e-14
463,14.0,0.000657000000046537,86.0,1.4210854715202004e-14
464,15.0,0.0007000000000516593,85.0,1.4210854715202004e-14
465,16.0,0.000753000000031534,84.0,1.4210854715202004e-14
466,14.0,0.0006690000000162399,86.0,1.4210854715202004e-14
467,14.0,0.0006550000000515865,86.0,1.4210854715202004e-14
468,14.0,0.0006600000001526496,86.0,1.4210854715202004e-14
469,23.0,0.0010440000000926375,-22.0,1.4210854715202004e-14
470,15.0,0.0007119999997939885,85.0,1.4210854715202004e-14
471,16.0,0.0007419999999456195,84.0,1.4210854715202004e-14
472,27.0,0.0012100000001282751,-26.0,1.4210854715202004e-14
473,14.0,0.0006529999998292624,86.0,1.4210854715202004e-14
474,26.0,0.0011799999999766442,74.0,1.4210854715202004e-14
475,16.0,0.0007529999998041603,84.0,1.4210854715202004e-14
476,16.0,0.0007409999998344574,84.0,1.4210854715202004e-14
477,19.0,0.0008690000001934095,-18.0,1.4210854715202004e-14
478,23.0,0.0011100000001533772,-22.0,1.4210854715202004e-14
479,14.0,0.000657000000046537,86.0,1.4210854715202004e-14
480,18.0,0.0008290000000670261,82.0,1.4210854715202004e-14
481,16.0,0.0007409999998344574,84.0,1.4210854715202004e-14
482,17.0,0.0007920000000467553,-16.0,1.4210854715202004e-14
483,17.0,0.0007929999999305437,83.0,1.4210854715202004e-14
484,14.0,0.0006639999999151769,86.0,1.4210854715202004e-14
485,14.0,0.0006699999999000283,86.0,1.4210854715202004e-14
486,16.0,0.0007520000001477456,84.0,1.4210854715202004e-14
487,20.0,0.0009119999999711581,80.0,1.4210854715202004e-14
488,16.0,0.0007390000000668806,84.0,1.4210854715202004e-14
489,16.0,0.0007379999999557185,84.0,1.4210854715202004e-14
490,18.0,0.0008379999999306165,82.0,1.4210854715202004e-14
491,19.0,0.0008660000000872969,-18.0,1.4210854715202004e-14
492,14.0,0.0006550000000515865,86.0,1.4210854715202004e-14
493,14.0,0.000657000000046537,86.0,1.4210854715202004e-14
494,14.0,0.000666000000137501,86.0,1.4210854715202004e-14
495,14.0,0.0007180000000062137,86.0,1.4210854715202004e-14
496,16.0,0.0007550000000264845,84.0,1.4210854715202004e-14
497,15.0,0.0007069999999202992,-14.0,1.4210854715202004e-14
498,18.0,0.000839999999925567,82.0,1.4210854715202004e-14
499,14.0,0.0006550000000515865,86.0,1.4210854715202004e-14
500,16.0,0.0007630000000062864,84.0,1.4210854715202004e-14
501,16.0,0.0007460000001628941,84.0,1.4210854715202004e-14
502,16.0,0.0007430000000567816,84.0,1.4210854715202004e-14
503,16.0,0.0007560000001376466,84.0,1.4210854715202004e-14
504,16.0,0.0007460000001628941,84.0,1.4210854715202004e-14
505,18.0,0.000827999999955864,82.0,1.4210854715202004e-14
506,20.0,0.000923999999940861,-19.0,1.4210854715202004e-14
507,14.0,0.000661000000036438,86.0,1.4210854715202004e-14
508,12.0,0.0006229999999050051,88.0,1.4210854715202004e-14
509,12.0,0.0005739999999150314,88.0,1.4210854715202004e-14
510,12.0,0.0005710000000362925,88.0,1.4210854715202004e-14
511,12.0,0.000573000000031243,88.0,1.4210854715202004e-14
512,12.0,0.0005980000000818109,88.0,1.4210854715202004e-14
513,14.0,0.0006620000001476001,86.0,1.4210854715202004e-14
514,12.0,0.0005739999999150314,88.0,1.4210854715202004e-14
515,16.0,0.0007410000000618311,-15.0,1.4210854715202004e-14
516,22.0,0.0010090000000673172,78.0,1.4210854715202004e-14
517,15.0,0.0007060000000365108,85.0,1.4210854715202004e-14
518,20.0,0.000941000000011627,-19.0,1.4210854715202004e-14
519,12.0,0.000573000000031243,88.0,1.4210854715202004e-14
520,12.0,0.000573000000031243,88.0,1.4210854715202004e-14
521,12.0,0.0005710000000362925,88.0,1.4210854715202004e-14
522,13.0,0.0006579999999303254,87.0,1.4210854715202004e-14
523,14.0,0.0006579999999303254,86.0,1.4210854715202004e-14
524,12.0,0.0005699999999251304,88.0,1.4210854715202004e-14
525,15.0,0.000709999999799038,-14.0,1.4210854715202004e-14
526,14.0,0.0006559999999353749,86.0,1.4210854715202004e-14
527,13.0,0.0006149999999252032,87.0,1.4210854715202004e-14
528,12.0,0.0005699999999251304,88.0,1.4210854715202004e-14
529,22.0,0.0010110000000622676,-21.0,1.4210854715202004e-14
530,17.0,0.0008420000001478911,83.0,1.4210854715202004e-14
531,12.0,0.000573000000031243,88.0,1.4210854715202004e-14
532,14.0,0.0006580000001576991,86.0,1.4210854715202004e-14
533,12.0,0.0005719999999200809,88.0,1.4210854715202004e-14
534,17.0,0.0007989999999153952,-16.0,1.4210854715202004e-14
535,12.0,0.0005720000001474546,88.0,1.4210854715202004e-14
536,14.0,0.0006540000001677981,86.0,1.4210854715202004e-14
537,14.0,0.0006539999999404245,86.0,1.4210854715202004e-14
538,12.0,0.0005679999999301799,88.0,1.4210854715202004e-14
539,13.0,0.0006280000000060681,87.0,1.4210854715202004e-14
540,14.0,0.0007040000000415603,86.0,1.4210854715202004e-14
541,12.0,0.0005850000000009459,88.0,1.4210854715202004e-14
542,15.0,0.0007069999999202992,85.0,1.4210854715202004e-14
543,16.0,0.0007689999999911379,84.0,1.4210854715202004e-14
544,14.0,0.0006689999997888663,86.0,1.4210854715202004e-14
545,14.0,0.000657000000046537,86.0,1.4210854715202004e-14
546,42.0,0.001864999999952488,-140.0,1.4210854715202004e-14
547,16.0,0.0007510000000365835,84.0,1.4210854715202004e-14
548,14.0,0.0007250000001022272,86.0,1.4210854715202004e-14
549,16.0,0.000747999999930471,84.0,1.4210854715202004e-14
550,14.0,0.0006629999998040148,86.0,1.4210854715202004e-14
551,12.0,0.000578000000132306,88.0,1.4210854715202004e-14
552,18.0,0.000835999999935666,-17.0,1.4210854715202004e-14
553,12.0,0.000569000000041342,88.0,1.4210854715202004e-14
554,12.0,0.0005830000000059954,88.0,1.4210854715202004e-14
555,14.0,0.0006620000001476001,86.0,1.4210854715202004e-14
556,12.0,0.0005850000000009459,88.0,1.4210854715202004e-14
557,12.0,0.0005760000001373555,88.0,1.4210854715202004e-14
558,14.0,0.0006620000001476001,86.0,1.4210854715202004e-14
559,19.0,0.0008740000000670989,-18.0,1.4210854715202004e-14
560,15.0,0.0007020000000466098,85.0,1.4210854715202004e-14
561,14.0,0.0006710000000111904,86.0,1.4210854715202004e-14
562,12.0,0.0006450000000768341,88.0,1.4210854715202004e-14
563,18.0,0.000841000000036729,-17.0,1.4210854715202004e-14
564,14.0,0.0006590000000414875,86.0,1.4210854715202004e-14
565,14.0,0.0006710000000111904,86.0,1.4210854715202004e-14
566,14.0,0.0006559999999353749,86.0,1.4210854715202004e-14
567,14.0,0.000666000000137501,86.0,1.4210854715202004e-14
568,16.0,0.0007519999999203719,84.0,1.4210854715202004e-14
569,16.0,0.000749000000041633,84.0,1.4210854715202004e-14
570,12.0,0.0005790000000160944,88.0,1.4210854715202004e-14
571,14.0,0.0006630000000313885,86.0,1.4210854715202004e-14
572,14.0,0.000661000000036438,86.0,1.4210854715202004e-14
573,13.0,0.0006150000001525768,-12.0,1.4210854715202004e-14
574,21.0,0.0009840000000167493,-20.0,1.4210854715202004e-14
575,12.0,0.0005720000001474546,88.0,1.4210854715202004e-14
576,14.0,0.0006560000001627486,86.0,1.4210854715202004e-14
577,20.0,0.000914999999849897,-19.0,1.4210854715202004e-14
578,12.0,0.0005719999999200809,88.0,1.4210854715202004e-14
579,14.0,0.0006659999999101274,86.0,1.4210854715202004e-14
580,12.0,0.0005749999997988198,88.0,1.4210854715202004e-14
581,16.0,0.0007459999999355205,84.0,1.4210854715202004e-14
582,20.0,0.0009170000000722212,-118.0,1.4210854715202004e-14
583,19.0,0.0008860000000368018,-18.0,1.4210854715202004e-14
584,13.0,0.0006260000000111177,87.0,1.4210854715202004e-14
585,12.0,0.0005700000001525041,88.0,1.4210854715202004e-14
586,29.0,0.001295999999911146,-127.0,1.4210854715202004e-14
587,25.0,0.0011409999999614229,-24.0,1.4210854715202004e-14
588,19.0,0.0009310000000368746,-18.0,1.4210854715202004e-14
589,13.0,0.0006129999999302527,-12.0,1.4210854715202004e-14
590,12.0,0.0005699999999251304,88.0,1.4210854715202004e-14
591,12.0,0.000582000000122207,88.0,1.4210854715202004e-14
592,12.0,0.0005750000000261934,88.0,1.4210854715202004e-14
593,12.0,0.0005739999999150314,88.0,1.4210854715202004e-14
594,12.0,0.000574000000142405,88.0,1.4210854715202004e-14
595,12.0,0.0005790000000160944,88.0,1.4210854715202004e-14
596,16.0,0.0007550000000264845,84.0,1.4210854715202004e-14
597,14.0,0.0006549999998242129,86.0,1.4210854715202004e-14
598,12.0,0.0005659999999352294,88.0,1.4210854715202004e-14
599,12.0,0.0005729999998038693,88.0,1.4210854715202004e-14
600,18.0,0.0008239999999659631,-17.0,1.4210854715202004e-14
601,12.0,0.0005770000000211439,88.0,1.4210854715202004e-14
602,12.0,0.000569000000041342,88.0,1.4210854715202004e-14
603,12.0,0.0005699999999251304,88.0,1.4210854715202004e-14
604,12.0,0.0005679999999301799,88.0,1.4210854715202004e-14
605,14.0,0.0006550000000515865,86.0,1.4210854715202004e-14
606,18.0,0.0008420000001478911,82.0,1.4210854715202004e-14
607,16.0,0.0008119999999962602,84.0,1.4210854715202004e-14
608,12.0,0.0005739999999150314,88.0,1.4210854715202004e-14
609,14.0,0.0006590000000414875,86.0,1.4210854715202004e-14
610,14.0,0.0006710000000111904,86.0,1.4210854715202004e-14
611,12.0,0.0006229999999050051,88.0,1.4210854715202004e-14
612,12.0,0.000578000000132306,88.0,1.4210854715202004e-14
613,14.0,0.000661000000036438,86.0,1.4210854715202004e-14
614,14.0,0.0006579999999303254,86.0,1.4210854715202004e-14
615,12.0,0.0005869999999958964,88.0,1.4210854715202004e-14
616,14.0,0.0006619999999202264,86.0,1.4210854715202004e-14
617,12.0,0.0005759999999099819,88.0,1.4210854715202004e-14
618,16.0,0.000749000000041633,84.0,1.4210854715202004e-14
619,12.0,0.0005839999998897838,88.0,1.4210854715202004e-14
620,18.0,0.0008400000001529406,-17.0,1.4210854715202004e-14
621,12.0,0.0005920000000969594,88.0,1.4210854715202004e-14
622,14.0,0.0006580000001576991,86.0,1.4210854715202004e-14
623,14.0,0.000661000000036438,86.0,1.4210854715202004e-14
624,12.0,0.0005760000001373555,88.0,1.4210854715202004e-14
625,12.0,0.0005759999999099819,88.0,1.4210854715202004e-14
626,14.0,0.0006619999999202264,86.0,1.4210854715202004e-14
627,14.0,0.0006589999998141138,86.0,1.4210854715202004e-14
628,12.0,0.0005710000000362925,88.0,1.4210854715202004e-14
629,18.0,0.0008479999999053689,82.0,1.4210854715202004e-14
630,12.0,0.0006230000001323788,88.0,1.4210854715202004e-14
631,12.0,0.0005889999999908468,88.0,1.4210854715202004e-14
632,12.0,0.000569000000041342,88.0,1.4210854715202004e-14
633,14.0,0.000653000000056636,86.0,1.4210854715202004e-14
634,13.0,0.0006269999998949061,87.0,1.4210854715202004e-14
635,12.0,0.0005819999998948333,88.0,1.4210854715202004e-14
636,12.0,0.0005850000000009459,88.0,1.4210854715202004e-14
637,14.0,0.000661000000036438,86.0,1.4210854715202004e-14
638,16.0,0.0007430000000567816,84.0,1.4210854715202004e-14
639,12.0,0.0005839999998897838,88.0,1.4210854715202004e-14
640,12.0,0.0005689999998139683,88.0,1.4210854715202004e-14
641,14.0,0.000657000000046537,86.0,1.4210854715202004e-14
642,17.0,0.0007960000000366563,-16.0,1.4210854715202004e-14
643,12.0,0.0005869999999958964,88.0,1.4210854715202004e-14
644,12.0,0.0005790000000160944,88.0,1.4210854715202004e-14
645,12.0,0.0006149999999252032,88.0,1.4210854715202004e-14
646,15.0,0.0007020000000466098,-14.0,1.4210854715202004e-14
647,14.0,0.0006539999999404245,86.0,1.4210854715202004e-14
648,17.0,0.0007989999999153952,83.0,1.4210854715202004e-14
649,12.0,0.0005699999999251304,88.0,1.4210854715202004e-14
650,18.0,0.0008290000000670261,-17.0,1.4210854715202004e-14
651,12.0,0.0005739999999150314,88.0,1.4210854715202004e-14
652,15.0,0.0007020000000466098,85.0,1.4210854715202004e-14
653,12.0,0.0005810000000110449,88.0,1.4210854715202004e-14
654,12.0,0.0005680000001575536,88.0,1.4210854715202004e-14
655,12.0,0.0006169999999201536,88.0,1.4210854715202004e-14
656,12.0,0.0005710000000362925,88.0,1.4210854715202004e-14
657,19.0,0.0008700000000771979,-18.0,1.4210854715202004e-14
658,12.0,0.0005819999998948333,88.0,1.4210854715202004e-14
659,12.0,0.0005699999999251304,88.0,1.4210854715202004e-14
660,14.0,0.0006590000000414875,86.0,1.4210854715202004e-14
661,16.0,0.0007420000001729932,84.0,1.4210854715202004e-14
662,12.0,0.0005689999998139683,88.0,1.4210854715202004e-14
663,22.0,0.0010740000000168948,-21.0,1.4210854715202004e-14
664,12.0,0.000573000000031243,88.0,1.4210854715202004e-14
665,14.0,0.0006590000000414875,86.0,1.4210854715202004e-14
666,12.0,0.0005859999998847343,88.0,1.4210854715202004e-14
667,14.0,0.0006769999999960419,86.0,1.4210854715202004e-14
668,12.0,0.0005750000000261934,88.0,1.4210854715202004e-14
669,23.0,0.0010479999998551648,-22.0,1.4210854715202004e-14
670,12.0,0.000569000000041342,88.0,1.4210854715202004e-14
671,14.0,0.0007169999998950516,86.0,1.4210854715202004e-14
672,12.0,0.0005739999999150314,88.0,1.4210854715202004e-14
673,14.0,0.0006599999999252759,86.0,1.4210854715202004e-14
674,16.0,0.000749000000041633,-15.0,1.4210854715202004e-14
675,14.0,0.000657000000046537,86.0,1.4210854715202004e-14
676,22.0,0.0010439999998652638,-21.0,1.4210854715202004e-14
677,14.0,0.0006860000000870059,86.0,1.4210854715202004e-14
678,12.0,0.0005719999999200809,88.0,1.4210854715202004e-14
679,14.0,0.0006580000001576991,86.0,1.4210854715202004e-14
680,30.0,0.0013599999999769352,-128.0,1.4210854715202004e-14
681,12.0,0.0005710000000362925,88.0,1.4210854715202004e-14
682,12.0,0.0005759999999099819,88.0,1.4210854715202004e-14
683,12.0,0.0005729999998038693,88.0,1.4210854715202004e-14
684,14.0,0.0006609999998090643,86.0,1.4210854715202004e-14
685,12.0,0.000574000000142405,88.0,1.4210854715202004e-14
686,14.0,0.000653000000056636,86.0,1.4210854715202004e-14
687,22.0,0.0009979999999814027,-21.0,1.4210854715202004e-14
688,14.0,0.000670000000127402,86.0,1.4210854715202004e-14
689,12.0,0.0005830000000059954,88.0,1.4210854715202004e-14
690,12.0,0.000573000000031243,88.0,1.4210854715202004e-14
691,12.0,0.0005680000001575536,88.0,1.4210854715202004e-14
692,12.0,0.0005770000000211439,88.0,1.4210854715202004e-14
693,16.0,0.0007470000000466825,84.0,1.4210854715202004e-14
694,16.0,0.000757000000021435,84.0,1.4210854715202004e-14
695,12.0,0.0005729999998038693,88.0,1.4210854715202004e-14
696,14.0,0.0006589999998141138,86.0,1.4210854715202004e-14
697,14.0,0.0006630000000313885,86.0,1.4210854715202004e-14
698,16.0,0.0007519999999203719,84.0,1.4210854715202004e-14
699,16.0,0.0007430000000567816,84.0,1.4210854715202004e-14
700,14.0,0.0006690000000162399,86.0,1.4210854715202004e-14
701,12.0,0.0005710000000362925,88.0,1.4210854715202004e-14
702,13.0,0.0006170000001475273,87.0,1.4210854715202004e-14
703,14.0,0.0006640000001425506,86.0,1.4210854715202004e-14
704,15.0,0.000758000000132597,85.0,1.4210854715202004e-14
705,15.0,0.0007020000000466098,85.0,1.4210854715202004e-14
706,12.0,0.000569000000041342,88.0,1.4210854715202004e-14
707,18.0,0.0008270000000720756,-17.0,1.4210854715202004e-14
708,12.0,0.0005750000000261934,88.0,1.4210854715202004e-14
709,12.0,0.0005699999999251304,88.0,1.4210854715202004e-14
710,12.0,0.0005719999999200809,88.0,1.4210854715202004e-14
711,12.0,0.0005700000001525041,88.0,1.4210854715202004e-14
712,16.0,0.0007510000000365835,84.0,1.4210854715202004e-14
713,12.0,0.000569000000041342,88.0,1.4210854715202004e-14
714,21.0,0.0009560000000874425,-20.0,1.4210854715202004e-14
715,12.0,0.0005709999998089188,88.0,1.4210854715202004e-14
716,12.0,0.0005679999999301799,88.0,1.4210854715202004e-14
717,12.0,0.0005850000000009459,88.0,1.4210854715202004e-14
718,14.0,0.0006649999997989653,86.0,1.4210854715202004e-14
719,12.0,0.0005759999999099819,88.0,1.4210854715202004e-14
720,14.0,0.0006569999998191633,86.0,1.4210854715202004e-14
721,12.0,0.0005699999999251304,88.0,1.4210854715202004e-14
722,12.0,0.0005810000000110449,88.0,1.4210854715202004e-14
723,13.0,0.0006149999999252032,87.0,1.4210854715202004e-14
724,14.0,0.0006889999999657448,86.0,1.4210854715202004e-14
725,12.0,0.0005699999999251304,88.0,1.4210854715202004e-14
726,14.0,0.0006579999999303254,86.0,1.4210854715202004e-14
727,29.0,0.0013040000001183216,-127.0,1.4210854715202004e-14
728,12.0,0.0006220000000212167,88.0,1.4210854715202004e-14
729,12.0,0.0005750000000261934,88.0,1.4210854715202004e-14
730,23.0,0.0010439999998652638,-22.0,1.4210854715202004e-14
731,12.0,0.0005709999998089188,88.0,1.4210854715202004e-14
732,15.0,0.0006959999998343847,-14.0,1.4210854715202004e-14
733,12.0,0.0005679999999301799,88.0,1.4210854715202004e-14
734,14.0,0.0006540000001677981,86.0,1.4210854715202004e-14
735,16.0,0.0007579999999052234,84.0,1.4210854715202004e-14
736,14.0,0.0007049999999253487,86.0,1.4210854715202004e-14
737,12.0,0.000573000000031243,88.0,1.4210854715202004e-14
738,12.0,0.0005710000000362925,88.0,1.4210854715202004e-14
739,12.0,0.0005710000000362925,88.0,1.4210854715202004e-14
740,12.0,0.0005819999998948333,88.0,1.4210854715202004e-14
741,12.0,0.0005700000001525041,88.0,1.4210854715202004e-14
742,12.0,0.000573000000031243,88.0,1.4210854715202004e-14
743,17.0,0.0007920000000467553,-16.0,1.4210854715202004e-14
744,14.0,0.000661000000036438,86.0,1.4210854715202004e-14
745,26.0,0.0012309999999615684,-25.0,1.4210854715202004e-14
746,12.0,0.0005830000000059954,88.0,1.4210854715202004e-14
747,12.0,0.0005710000000362925,88.0,1.4210854715202004e-14
748,12.0,0.0005710000000362925,88.0,1.4210854715202004e-14
749,12.0,0.0005700000001525041,88.0,1.4210854715202004e-14
750,17.0,0.0008400000001529406,-16.0,1.4210854715202004e-14
751,12.0,0.0005759999999099819,88.0,1.4210854715202004e-14
752,13.0,0.0006180000000313157,-12.0,1.4210854715202004e-14
753,12.0,0.0005720000001474546,88.0,1.4210854715202004e-14
754,14.0,0.0006710000000111904,86.0,1.4210854715202004e-14
755,15.0,0.0006970000001729204,85.0,1.4210854715202004e-14
756,12.0,0.000569000000041342,88.0,1.4210854715202004e-14
757,12.0,0.0005679999999301799,88.0,1.4210854715202004e-14
758,13.0,0.0006210000001374283,87.0,1.4210854715202004e-14
759,12.0,0.0005810000000110449,88.0,1.4210854715202004e-14
760,12.0,0.0006110000001626759,88.0,1.4210854715202004e-14
761,12.0,0.0005739999999150314,88.0,1.4210854715202004e-14
762,15.0,0.0006989999999404972,-14.0,1.4210854715202004e-14
763,15.0,0.0007009999999354477,-14.0,1.4210854715202004e-14
764,21.0,0.0009689999999409338,-20.0,1.4210854715202004e-14
765,24.0,0.0010819999999966967,-23.0,1.4210854715202004e-14
766,12.0,0.0005719999999200809,88.0,1.4210854715202004e-14
767,14.0,0.0006590000000414875,86.0,1.4210854715202004e-14
768,15.0,0.0007140000000163127,-14.0,1.4210854715202004e-14
769,12.0,0.0006220000000212167,88.0,1.4210854715202004e-14
770,12.0,0.000573000000031243,88.0,1.4210854715202004e-14
771,12.0,0.0005699999999251304,88.0,1.4210854715202004e-14
772,12.0,0.000573000000031243,88.0,1.4210854715202004e-14
773,14.0,0.0006699999999000283,86.0,1.4210854715202004e-14
774,12.0,0.0005689999998139683,88.0,1.4210854715202004e-14
775,14.0,0.000657000000046537,86.0,1.4210854715202004e-14
776,12.0,0.0005700000001525041,88.0,1.4210854715202004e-14
777,14.0,0.000657000000046537,86.0,1.4210854715202004e-14
778,12.0,0.0005830000000059954,88.0,1.4210854715202004e-14
779,12.0,0.0006260000000111177,88.0,1.4210854715202004e-14
780,12.0,0.0005810000000110449,88.0,1.4210854715202004e-14
781,14.0,0.0006559999999353749,86.0,1.4210854715202004e-14
782,12.0,0.000582000000122207,88.0,1.4210854715202004e-14
783,12.0,0.0005840000001171575,88.0,1.4210854715202004e-14
784,12.0,0.0005710000000362925,88.0,1.4210854715202004e-14
785,12.0,0.0005719999999200809,88.0,1.4210854715202004e-14
786,12.0,0.0005670000000463915,88.0,1.4210854715202004e-14
787,24.0,0.0010939999999663996,-122.0,1.4210854715202004e-14
788,14.0,0.0006550000000515865,86.0,1.4210854715202004e-14
789,12.0,0.0005720000001474546,88.0,1.4210854715202004e-14
790,22.0,0.0010010000000875152,-21.0,1.4210854715202004e-14
791,16.0,0.0007459999999355205,84.0,1.4210854715202004e-14
792,12.0,0.0005840000001171575,88.0,1.4210854715202004e-14
793,12.0,0.0005879999998796848,88.0,1.4210854715202004e-14
794,16.0,0.000757000000021435,84.0,1.4210854715202004e-14
795,14.0,0.000657000000046537,86.0,1.4210854715202004e-14
796,12.0,0.000573000000031243,88.0,1.4210854715202004e-14
797,12.0,0.0005739999999150314,88.0,1.4210854715202004e-14
798,12.0,0.000569000000041342,88.0,1.4210854715202004e-14
799,12.0,0.0005680000001575536,88.0,1.4210854715202004e-14
800,12.0,0.0005710000000362925,88.0,1.4210854715202004e-14
801,16.0,0.0007460000001628941,84.0,1.4210854715202004e-14
802,12.0,0.000578000000132306,88.0,1.4210854715202004e-14
803,12.0,0.0005720000001474546,88.0,1.4210854715202004e-14
804,33.0,0.0014730000000326982,-131.0,1.4210854715202004e-14
805,22.0,0.001010999999834894,-21.0,1.4210854715202004e-14
806,14.0,0.000653000000056636,86.0,1.4210854715202004e-14
807,15.0,0.0006980000000567088,85.0,1.4210854715202004e-14
808,12.0,0.0005670000000463915,88.0,1.4210854715202004e-14
809,12.0,0.0005659999999352294,88.0,1.4210854715202004e-14
810,25.0,0.0011349999999765714,-24.0,1.4210854715202004e-14
811,14.0,0.0006539999999404245,86.0,1.4210854715202004e-14
812,13.0,0.0006130000001576263,87.0,1.4210854715202004e-14
813,12.0,0.0005670000000463915,88.0,1.4210854715202004e-14
814,23.0,0.0010520000000724394,-22.0,1.4210854715202004e-14
815,14.0,0.000665000000026339,86.0,1.4210854715202004e-14
816,14.0,0.0006560000001627486,86.0,1.4210854715202004e-14
817,16.0,0.000747999999930471,84.0,1.4210854715202004e-14
818,16.0,0.0007539999999153224,84.0,1.4210854715202004e-14
819,12.0,0.0006310000001121807,88.0,1.4210854715202004e-14
820,14.0,0.000657000000046537,86.0,1.4210854715202004e-14
821,12.0,0.0005700000001525041,88.0,1.4210854715202004e-14
822,12.0,0.000569000000041342,88.0,1.4210854715202004e-14
823,12.0,0.000582000000122207,88.0,1.4210854715202004e-14
824,12.0,0.0005699999999251304,88.0,1.4210854715202004e-14
825,14.0,0.000657000000046537,86.0,1.4210854715202004e-14
826,14.0,0.000657000000046537,86.0,1.4210854715202004e-14
827,12.0,0.0005830000000059954,88.0,1.4210854715202004e-14
828,12.0,0.0005819999998948333,88.0,1.4210854715202004e-14
829,27.0,0.001220999999986816,-26.0,1.4210854715202004e-14
830,12.0,0.0005699999999251304,88.0,1.4210854715202004e-14
831,12.0,0.0005699999999251304,88.0,1.4210854715202004e-14
832,12.0,0.000569000000041342,88.0,1.4210854715202004e-14
833,12.0,0.000573000000031243,88.0,1.4210854715202004e-14
834,12.0,0.0005700000001525041,88.0,1.4210854715202004e-14
835,12.0,0.0005670000000463915,88.0,1.4210854715202004e-14
836,12.0,0.0005659999999352294,88.0,1.4210854715202004e-14
837,20.0,0.000914999999849897,-19.0,1.4210854715202004e-14
838,12.0,0.0006260000000111177,88.0,1.4210854715202004e-14
839,12.0,0.0005839999998897838,88.0,1.4210854715202004e-14
840,12.0,0.0005689999998139683,88.0,1.4210854715202004e-14
841,22.0,0.001002999999855092,-21.0,1.4210854715202004e-14
842,14.0,0.0006730000000061409,86.0,1.4210854715202004e-14
843,12.0,0.0006370000000970322,88.0,1.4210854715202004e-14
844,12.0,0.000573000000031243,88.0,1.4210854715202004e-14
845,18.0,0.0008270000000720756,-17.0,1.4210854715202004e-14
846,12.0,0.0005710000000362925,88.0,1.4210854715202004e-14
847,12.0,0.000578000000132306,88.0,1.4210854715202004e-14
848,12.0,0.0005710000000362925,88.0,1.4210854715202004e-14
849,26.0,0.0011749999998755811,-25.0,1.4210854715202004e-14
850,14.0,0.0006710000000111904,86.0,1.4210854715202004e-14
851,14.0,0.0006690000000162399,86.0,1.4210854715202004e-14
852,12.0,0.0006240000000161672,88.0,1.4210854715202004e-14
853,12.0,0.000573000000031243,88.0,1.4210854715202004e-14
854,16.0,0.000747999999930471,84.0,1.4210854715202004e-14
855,25.0,0.0011429999999563734,-24.0,1.4210854715202004e-14
856,23.0,0.001040999999986525,-22.0,1.4210854715202004e-14
857,14.0,0.0006529999998292624,86.0,1.4210854715202004e-14
858,12.0,0.0005699999999251304,88.0,1.4210854715202004e-14
859,13.0,0.0006249999998999556,87.0,1.4210854715202004e-14
860,14.0,0.000657000000046537,86.0,1.4210854715202004e-14
861,14.0,0.0007209999998849526,86.0,1.4210854715202004e-14
862,12.0,0.0005699999999251304,88.0,1.4210854715202004e-14
863,12.0,0.0005719999999200809,88.0,1.4210854715202004e-14
864,12.0,0.0005839999998897838,88.0,1.4210854715202004e-14
865,12.0,0.000569000000041342,88.0,1.4210854715202004e-14
866,13.0,0.0006640000001425506,87.0,1.4210854715202004e-14
867,14.0,0.000666000000137501,86.0,1.4210854715202004e-14
868,12.0,0.000573000000031243,88.0,1.4210854715202004e-14
869,12.0,0.0005859999998847343,88.0,1.4210854715202004e-14
870,14.0,0.0006559999999353749,86.0,1.4210854715202004e-14
871,14.0,0.000657000000046537,86.0,1.4210854715202004e-14
872,14.0,0.0006550000000515865,86.0,1.4210854715202004e-14
873,12.0,0.0005850000000009459,88.0,1.4210854715202004e-14
874,14.0,0.0006679999999050779,86.0,1.4210854715202004e-14
875,14.0,0.0007009999999354477,86.0,1.4210854715202004e-14
876,14.0,0.0006630000000313885,86.0,1.4210854715202004e-14
877,12.0,0.0005710000000362925,88.0,1.4210854715202004e-14
878,12.0,0.000569000000041342,88.0,1.4210854715202004e-14
879,12.0,0.0005880000001070584,88.0,1.4210854715202004e-14
880,18.0,0.0008290000000670261,82.0,1.4210854715202004e-14
881,22.0,0.0009999999999763531,-21.0,1.4210854715202004e-14
882,12.0,0.0005720000001474546,88.0,1.4210854715202004e-14
883,28.0,0.0013249999999516149,-27.0,1.4210854715202004e-14
884,12.0,0.000586000000112108,88.0,1.4210854715202004e-14
885,13.0,0.0006170000001475273,87.0,1.4210854715202004e-14
886,12.0,0.0005739999999150314,88.0,1.4210854715202004e-14
887,12.0,0.0005850000000009459,88.0,1.4210854715202004e-14
888,12.0,0.0005739999999150314,88.0,1.4210854715202004e-14
889,14.0,0.0006539999999404245,86.0,1.4210854715202004e-14
890,12.0,0.0005679999999301799,88.0,1.4210854715202004e-14
891,12.0,0.0005679999999301799,88.0,1.4210854715202004e-14
892,24.0,0.001099999999951251,-23.0,1.4210854715202004e-14
893,12.0,0.0006430000000818836,88.0,1.4210854715202004e-14
894,14.0,0.000661000000036438,86.0,1.4210854715202004e-14
895,13.0,0.0006160000000363652,87.0,1.4210854715202004e-14
896,12.0,0.0005790000000160944,88.0,1.4210854715202004e-14
897,24.0,0.0010939999999663996,-23.0,1.4210854715202004e-14
898,12.0,0.0005679999999301799,88.0,1.4210854715202004e-14
899,12.0,0.0005710000000362925,88.0,1.4210854715202004e-14
900,12.0,0.0005710000000362925,88.0,1.4210854715202004e-14
901,12.0,0.0005830000000059954,88.0,1.4210854715202004e-14
902,12.0,0.0005699999999251304,88.0,1.4210854715202004e-14
903,12.0,0.0005660000001626031,88.0,1.4210854715202004e-14
904,12.0,0.000569000000041342,88.0,1.4210854715202004e-14
905,14.0,0.0006550000000515865,86.0,1.4210854715202004e-14
906,24.0,0.0010939999999663996,-23.0,1.4210854715202004e-14
907,14.0,0.0007219999999961146,86.0,1.4210854715202004e-14
908,12.0,0.0005699999999251304,88.0,1.4210854715202004e-14
909,12.0,0.0005700000001525041,88.0,1.4210854715202004e-14
910,12.0,0.0005679999999301799,88.0,1.4210854715202004e-14
911,12.0,0.000582000000122207,88.0,1.4210854715202004e-14
912,12.0,0.0005700000001525041,88.0,1.4210854715202004e-14
913,12.0,0.0005710000000362925,88.0,1.4210854715202004e-14
914,14.0,0.0006529999998292624,86.0,1.4210854715202004e-14
915,12.0,0.0005699999999251304,88.0,1.4210854715202004e-14
916,15.0,0.0007109999999102001,85.0,1.4210854715202004e-14
917,12.0,0.0005729999998038693,88.0,1.4210854715202004e-14
918,12.0,0.000573000000031243,88.0,1.4210854715202004e-14
919,18.0,0.0008309999998346029,-17.0,1.4210854715202004e-14
920,12.0,0.0005810000000110449,88.0,1.4210854715202004e-14
921,15.0,0.0007049999999253487,-14.0,1.4210854715202004e-14
922,12.0,0.0005689999998139683,88.0,1.4210854715202004e-14
923,14.0,0.0006569999998191633,86.0,1.4210854715202004e-14
924,47.0,0.0020719999999982974,-343.0,1.4210854715202004e-14
925,12.0,0.000569000000041342,88.0,1.4210854715202004e-14
926,12.0,0.0005699999999251304,88.0,1.4210854715202004e-14
927,12.0,0.000569000000041342,88.0,1.4210854715202004e-14
928,14.0,0.0006550000000515865,86.0,1.4210854715202004e-14
929,23.0,0.0010539999998400162,-22.0,1.4210854715202004e-14
930,12.0,0.0005799999998998828,88.0,1.4210854715202004e-14
931,12.0,0.0005719999999200809,88.0,1.4210854715202004e-14
932,12.0,0.0005720000001474546,88.0,1.4210854715202004e-14
933,12.0,0.0005770000000211439,88.0,1.4210854715202004e-14
934,12.0,0.000569000000041342,88.0,1.4210854715202004e-14
935,17.0,0.00084500000002663,-115.0,1.4210854715202004e-14
936,12.0,0.0005720000001474546,88.0,1.4210854715202004e-14
937,12.0,0.0005700000001525041,88.0,1.4210854715202004e-14
938,12.0,0.0005830000000059954,88.0,1.4210854715202004e-14
939,12.0,0.0005710000000362925,88.0,1.4210854715202004e-14
940,12.0,0.0005700000001525041,88.0,1.4210854715202004e-14
941,12.0,0.0005699999999251304,88.0,1.4210854715202004e-14
942,12.0,0.000574000000142405,88.0,1.4210854715202004e-14
943,14.0,0.0006789999999909924,86.0,1.4210854715202004e-14
944,12.0,0.0005710000000362925,88.0,1.4210854715202004e-14
945,12.0,0.0005719999999200809,88.0,1.4210854715202004e-14
946,14.0,0.0006599999999252759,86.0,1.4210854715202004e-14
947,12.0,0.0005709999998089188,88.0,1.4210854715202004e-14
948,14.0,0.000666000000137501,86.0,1.4210854715202004e-14
949,13.0,0.0006129999999302527,87.0,1.4210854715202004e-14
950,20.0,0.0009099999999762076,-19.0,1.4210854715202004e-14
951,12.0,0.000569000000041342,88.0,1.4210854715202004e-14
952,14.0,0.0006550000000515865,86.0,1.4210854715202004e-14
953,12.0,0.0005790000000160944,88.0,1.4210854715202004e-14
954,12.0,0.0005670000000463915,88.0,1.4210854715202004e-14
955,16.0,0.0008049999999002466,84.0,1.4210854715202004e-14
956,12.0,0.0005710000000362925,88.0,1.4210854715202004e-14
957,14.0,0.0006510000000616856,86.0,1.4210854715202004e-14
958,14.0,0.0007120000000213622,86.0,1.4210854715202004e-14
959,12.0,0.000578000000132306,88.0,1.4210854715202004e-14
960,12.0,0.0005710000000362925,88.0,1.4210854715202004e-14
961,16.0,0.0007410000000618311,84.0,1.4210854715202004e-14
962,12.0,0.000565000000051441,88.0,1.4210854715202004e-14
963,21.0,0.0009549999999762804,-20.0,1.4210854715202004e-14
964,12.0,0.0005710000000362925,88.0,1.4210854715202004e-14
965,16.0,0.0007389999998395069,-15.0,1.4210854715202004e-14
966,12.0,0.0005799999998998828,88.0,1.4210854715202004e-14
967,12.0,0.0005830000000059954,88.0,1.4210854715202004e-14
968,12.0,0.0006240000000161672,88.0,1.4210854715202004e-14
969,12.0,0.0005760000001373555,88.0,1.4210854715202004e-14
970,14.0,0.0006620000001476001,86.0,1.4210854715202004e-14
971,14.0,0.0006630000000313885,86.0,1.4210854715202004e-14
972,12.0,0.0005859999998847343,88.0,1.4210854715202004e-14
973,14.0,0.000657000000046537,86.0,1.4210854715202004e-14
974,12.0,0.000573000000031243,88.0,1.4210854715202004e-14
975,12.0,0.000573000000031243,88.0,1.4210854715202004e-14
976,12.0,0.000573000000031243,88.0,1.4210854715202004e-14
977,12.0,0.0005840000001171575,88.0,1.4210854715202004e-14
978,12.0,0.0006209999999100546,88.0,1.4210854715202004e-14
979,19.0,0.0008780000000569999,-18.0,1.4210854715202004e-14
980,14.0,0.0006549999998242129,86.0,1.4210854715202004e-14
981,23.0,0.0010629999999309803,-22.0,1.4210854715202004e-14
982,12.0,0.0006140000000414148,88.0,1.4210854715202004e-14
983,14.0,0.0006579999999303254,86.0,1.4210854715202004e-14
984,14.0,0.000657000000046537,86.0,1.4210854715202004e-14
985,12.0,0.0005699999999251304,88.0,1.4210854715202004e-14
986,16.0,0.0007540000001426961,84.0,1.4210854715202004e-14
987,14.0,0.0006559999999353749,86.0,1.4210854715202004e-14
988,12.0,0.0006200000000262662,88.0,1.4210854715202004e-14
989,12.0,0.0005719999999200809,88.0,1.4210854715202004e-14
990,12.0,0.0005810000000110449,88.0,1.4210854715202004e-14
991,12.0,0.0005830000000059954,88.0,1.4210854715202004e-14
992,12.0,0.0006260000000111177,88.0,1.4210854715202004e-14
993,12.0,0.0005779999999049323,88.0,1.4210854715202004e-14
994,28.0,0.0012619999999969878,-27.0,1.4210854715202004e-14
995,14.0,0.0006689999997888663,86.0,1.4210854715202004e-14
996,12.0,0.0005699999999251304,88.0,1.4210854715202004e-14
997,12.0,0.0005739999999150314,88.0,1.4210854715202004e-14
998,12.0,0.0005719999999200809,88.0,1.4210854715202004e-14
999,14.0,0.0006559999999353749,86.0,1.4210854715202004e-14
1000,0.0,0.0,0.0,0.0
1001,0.0,0.0,0.0,0.0
1002,0.0,0.0,0.0,0.0
1003,0.0,0.0,0.0,0.0
1004,0.0,0.0,0.0,0.0
1005,0.0,0.0,0.0,0.0
1006,0.0,0.0,0.0,0.0
1007,0.0,0.0,0.0,0.0
1008,0.0,0.0,0.0,0.0
1009,0.0,0.0,0.0,0.0
1010,0.0,0.0,0.0,0.0
1011,0.0,0.0,0.0,0.0
1012,0.0,0.0,0.0,0.0
1013,0.0,0.0,0.0,0.0
1014,0.0,0.0,0.0,0.0
1015,0.0,0.0,0.0,0.0
1016,0.0,0.0,0.0,0.0
1017,0.0,0.0,0.0,0.0
1018,0.0,0.0,0.0,0.0
1019,0.0,0.0,0.0,0.0
1020,0.0,0.0,0.0,0.0
1021,0.0,0.0,0.0,0.0
1022,0.0,0.0,0.0,0.0
1023,0.0,0.0,0.0,0.0
1024,0.0,0.0,0.0,0.0
1025,0.0,0.0,0.0,0.0
1026,0.0,0.0,0.0,0.0
1027,0.0,0.0,0.0,0.0
1028,0.0,0.0,0.0,0.0
1029,0.0,0.0,0.0,0.0
1030,0.0,0.0,0.0,0.0
1031,0.0,0.0,0.0,0.0
1032,0.0,0.0,0.0,0.0
1033,0.0,0.0,0.0,0.0
1034,0.0,0.0,0.0,0.0
1035,0.0,0.0,0.0,0.0
1036,0.0,0.0,0.0,0.0
1037,0.0,0.0,0.0,0.0
1038,0.0,0.0,0.0,0.0
1039,0.0,0.0,0.0,0.0
1040,0.0,0.0,0.0,0.0
1041,0.0,0.0,0.0,0.0
1042,0.0,0.0,0.0,0.0
1043,0.0,0.0,0.0,0.0
1044,0.0,0.0,0.0,0.0
1045,0.0,0.0,0.0,0.0
1046,0.0,0.0,0.0,0.0
1047,0.0,0.0,0.0,0.0
1048,0.0,0.0,0.0,0.0
1049,0.0,0.0,0.0,0.0
1050,0.0,0.0,0.0,0.0
1051,0.0,0.0,0.0,0.0
1052,0.0,0.0,0.0,0.0
1053,0.0,0.0,0.0,0.0
1054,0.0,0.0,0.0,0.0
1055,0.0,0.0,0.0,0.0
1056,0.0,0.0,0.0,0.0
1057,0.0,0.0,0.0,0.0
1058,0.0,0.0,0.0,0.0
1059,0.0,0.0,0.0,0.0
1060,0.0,0.0,0.0,0.0
1061,0.0,0.0,0.0,0.0
1062,0.0,0.0,0.0,0.0
1063,0.0,0.0,0.0,0.0
1064,0.0,0.0,0.0,0.0
1065,0.0,0.0,0.0,0.0
1066,0.0,0.0,0.0,0.0
1067,0.0,0.0,0.0,0.0
1068,0.0,0.0,0.0,0.0
1069,0.0,0.0,0.0,0.0
1070,0.0,0.0,0.0,0.0
1071,0.0,0.0,0.0,0.0
1072,0.0,0.0,0.0,0.0
1073,0.0,0.0,0.0,0.0
1074,0.0,0.0,0.0,0.0
1075,0.0,0.0,0.0,0.0
1076,0.0,0.0,0.0,0.0
1077,0.0,0.0,0.0,0.0
1078,0.0,0.0,0.0,0.0
1079,0.0,0.0,0.0,0.0
1080,0.0,0.0,0.0,0.0
1081,0.0,0.0,0.0,0.0
1082,0.0,0.0,0.0,0.0
1083,0.0,0.0,0.0,0.0
1084,0.0,0.0,0.0,0.0
1085,0.0,0.0,0.0,0.0
1086,0.0,0.0,0.0,0.0
1087,0.0,0.0,0.0,0.0
1088,0.0,0.0,0.0,0.0
1089,0.0,0.0,0.0,0.0
1090,0.0,0.0,0.0,0.0
1091,0.0,0.0,0.0,0.0
1092,0.0,0.0,0.0,0.0
1093,0.0,0.0,0.0,0.0
1094,0.0,0.0,0.0,0.0
1095,0.0,0.0,0.0,0.0
1096,0.0,0.0,0.0,0.0
1097,0.0,0.0,0.0,0.0
1098,0.0,0.0,0.0,0.0
1099,0.0,0.0,0.0,0.0
1100,0.0,0.0,0.0,0.0
1101,0.0,0.0,0.0,0.0
1102,0.0,0.0,0.0,0.0
1103,0.0,0.0,0.0,0.0
1104,0.0,0.0,0.0,0.0
1105,0.0,0.0,0.0,0.0
1106,0.0,0.0,0.0,0.0
1107,0.0,0.0,0.0,0.0
1108,0.0,0.0,0.0,0.0
1109,0.0,0.0,0.0,0.0
1110,0.0,0.0,0.0,0.0
1111,0.0,0.0,0.0,0.0
1112,0.0,0.0,0.0,0.0
1113,0.0,0.0,0.0,0.0
1114,0.0,0.0,0.0,0.0
1115,0.0,0.0,0.0,0.0
1116,0.0,0.0,0.0,0.0
1117,0.0,0.0,0.0,0.0
1118,0.0,0.0,0.0,0.0
1119,0.0,0.0,0.0,0.0
1120,0.0,0.0,0.0,0.0
1121,0.0,0.0,0.0,0.0
1122,0.0,0.0,0.0,0.0
1123,0.0,0.0,0.0,0.0
1124,0.0,0.0,0.0,0.0
1125,0.0,0.0,0.0,0.0
1126,0.0,0.0,0.0,0.0
1127,0.0,0.0,0.0,0.0
1128,0.0,0.0,0.0,0.0
1129,0.0,0.0,0.0,0.0
1130,0.0,0.0,0.0,0.0
1131,0.0,0.0,0.0,0.0
1132,0.0,0.0,0.0,0.0
1133,0.0,0.0,0.0,0.0
1134,0.0,0.0,0.0,0.0
1135,0.0,0.0,0.0,0.0
1136,0.0,0.0,0.0,0.0
1137,0.0,0.0,0.0,0.0
1138,0.0,0.0,0.0,0.0
1139,0.0,0.0,0.0,0.0
1140,0.0,0.0,0.0,0.0
1141,0.0,0.0,0.0,0.0
1142,0.0,0.0,0.0,0.0
1143,0.0,0.0,0.0,0.0
1144,0.0,0.0,0.0,0.0
1145,0.0,0.0,0.0,0.0
1146,0.0,0.0,0.0,0.0
1147,0.0,0.0,0.0,0.0
1148,0.0,0.0,0.0,0.0
1149,0.0,0.0,0.0,0.0
1150,0.0,0.0,0.0,0.0
1151,0.0,0.0,0.0,0.0
1152,0.0,0.0,0.0,0.0
1153,0.0,0.0,0.0,0.0
1154,0.0,0.0,0.0,0.0
1155,0.0,0.0,0.0,0.0
1156,0.0,0.0,0.0,0.0
1157,0.0,0.0,0.0,0.0
1158,0.0,0.0,0.0,0.0
1159,0.0,0.0,0.0,0.0
1160,0.0,0.0,0.0,0.0
1161,0.0,0.0,0.0,0.0
1162,0.0,0.0,0.0,0.0
1163,0.0,0.0,0.0,0.0
1164,0.0,0.0,0.0,0.0
1165,0.0,0.0,0.0,0.0
1166,0.0,0.0,0.0,0.0
1167,0.0,0.0,0.0,0.0
1168,0.0,0.0,0.0,0.0
1169,0.0,0.0,0.0,0.0
1170,0.0,0.0,0.0,0.0
1171,0.0,0.0,0.0,0.0
1172,0.0,0.0,0.0,0.0
1173,0.0,0.0,0.0,0.0
1174,0.0,0.0,0.0,0.0
1175,0.0,0.0,0.0,0.0
1176,0.0,0.0,0.0,0.0
1177,0.0,0.0,0.0,0.0
1178,0.0,0.0,0.0,0.0
1179,0.0,0.0,0.0,0.0
1180,0.0,0.0,0.0,0.0
1181,0.0,0.0,0.0,0.0
1182,0.0,0.0,0.0,0.0
1183,0.0,0.0,0.0,0.0
1184,0.0,0.0,0.0,0.0
1185,0.0,0.0,0.0,0.0
1186,0.0,0.0,0.0,0.0
1187,0.0,0.0,0.0,0.0
1188,0.0,0.0,0.0,0.0
1189,0.0,0.0,0.0,0.0
1190,0.0,0.0,0.0,0.0
1191,0.0,0.0,0.0,0.0
1192,0.0,0.0,0.0,0.0
1193,0.0,0.0,0.0,0.0
1194,0.0,0.0,0.0,0.0
1195,0.0,0.0,0.0,0.0
1196,0.0,0.0,0.0,0.0
1197,0.0,0.0,0.0,0.0
1198,0.0,0.0,0.0,0.0
1199,0.0,0.0,0.0,0.0
1200,0.0,0.0,0.0,0.0
1201,0.0,0.0,0.0,0.0
1202,0.0,0.0,0.0,0.0
1203,0.0,0.0,0.0,0.0
1204,0.0,0.0,0.0,0.0
1205,0.0,0.0,0.0,0.0
1206,0.0,0.0,0.0,0.0
1207,0.0,0.0,0.0,0.0
1208,0.0,0.0,0.0,0.0
1209,0.0,0.0,0.0,0.0
1210,0.0,0.0,0.0,0.0
1211,0.0,0.0,0.0,0.0
1212,0.0,0.0,0.0,0.0
1213,0.0,0.0,0.0,0.0
1214,0.0,0.0,0.0,0.0
1215,0.0,0.0,0.0,0.0
1216,0.0,0.0,0.0,0.0
1217,0.0,0.0,0.0,0.0
1218,0.0,0.0,0.0,0.0
1219,0.0,0.0,0.0,0.0
1220,0.0,0.0,0.0,0.0
1221,0.0,0.0,0.0,0.0
1222,0.0,0.0,0.0,0.0
1223,0.0,0.0,0.0,0.0
1224,0.0,0.0,0.0,0.0
1225,0.0,0.0,0.0,0.0
1226,0.0,0.0,0.0,0.0
1227,0.0,0.0,0.0,0.0
1228,0.0,0.0,0.0,0.0
1229,0.0,0.0,0.0,0.0
1230,0.0,0.0,0.0,0.0
1231,0.0,0.0,0.0,0.0
1232,0.0,0.0,0.0,0.0
1233,0.0,0.0,0.0,0.0
1234,0.0,0.0,0.0,0.0
1235,0.0,0.0,0.0,0.0
1236,0.0,0.0,0.0,0.0
1237,0.0,0.0,0.0,0.0
1238,0.0,0.0,0.0,0.0
1239,0.0,0.0,0.0,0.0
1240,0.0,0.0,0.0,0.0
1241,0.0,0.0,0.0,0.0
1242,0.0,0.0,0.0,0.0
1243,0.0,0.0,0.0,0.0
1244,0.0,0.0,0.0,0.0
1245,0.0,0.0,0.0,0.0
1246,0.0,0.0,0.0,0.0
1247,0.0,0.0,0.0,0.0
1248,0.0,0.0,0.0,0.0
1249,0.0,0.0,0.0,0.0
1250,0.0,0.0,0.0,0.0
1251,0.0,0.0,0.0,0.0
1252,0.0,0.0,0.0,0.0
1253,0.0,0.0,0.0,0.0
1254,0.0,0.0,0.0,0.0
1255,0.0,0.0,0.0,0.0
1256,0.0,0.0,0.0,0.0
1257,0.0,0.0,0.0,0.0
1258,0.0,0.0,0.0,0.0
1259,0.0,0.0,0.0,0.0
1260,0.0,0.0,0.0,0.0
1261,0.0,0.0,0.0,0.0
1262,0.0,0.0,0.0,0.0
1263,0.0,0.0,0.0,0.0
1264,0.0,0.0,0.0,0.0
1265,0.0,0.0,0.0,0.0
1266,0.0,0.0,0.0,0.0
1267,0.0,0.0,0.0,0.0
1268,0.0,0.0,0.0,0.0
1269,0.0,0.0,0.0,0.0
1270,0.0,0.0,0.0,0.0
1271,0.0,0.0,0.0,0.0
1272,0.0,0.0,0.0,0.0
1273,0.0,0.0,0.0,0.0
1274,0.0,0.0,0.0,0.0
1275,0.0,0.0,0.0,0.0
1276,0.0,0.0,0.0,0.0
1277,0.0,0.0,0.0,0.0
1278,0.0,0.0,0.0,0.0
1279,0.0,0.0,0.0,0.0
1280,0.0,0.0,0.0,0.0
1281,0.0,0.0,0.0,0.0
1282,0.0,0.0,0.0,0.0
1283,0.0,0.0,0.0,0.0
1284,0.0,0.0,0.0,0.0
1285,0.0,0.0,0.0,0.0
1286,0.0,0.0,0.0,0.0
1287,0.0,0.0,0.0,0.0
1288,0.0,0.0,0.0,0.0
1289,0.0,0.0,0.0,0.0
1290,0.0,0.0,0.0,0.0
1291,0.0,0.0,0.0,0.0
1292,0.0,0.0,0.0,0.0
1293,0.0,0.0,0.0,0.0
1294,0.0,0.0,0.0,0.0
1295,0.0,0.0,0.0,0.0
1296,0.0,0.0,0.0,0.0
1297,0.0,0.0,0.0,0.0
1298,0.0,0.0,0.0,0.0
1299,0.0,0.0,0.0,0.0
1300,0.0,0.0,0.0,0.0
1301,0.0,0.0,0.0,0.0
1302,0.0,0.0,0.0,0.0
1303,0.0,0.0,0.0,0.0
1304,0.0,0.0,0.0,0.0
1305,0.0,0.0,0.0,0.0
1306,0.0,0.0,0.0,0.0
1307,0.0,0.0,0.0,0.0
1308,0.0,0.0,0.0,0.0
1309,0.0,0.0,0.0,0.0
1310,0.0,0.0,0.0,0.0
1311,0.0,0.0,0.0,0.0
1312,0.0,0.0,0.0,0.0
1313,0.0,0.0,0.0,0.0
1314,0.0,0.0,0.0,0.0
1315,0.0,0.0,0.0,0.0
1316,0.0,0.0,0.0,0.0
1317,0.0,0.0,0.0,0.0
1318,0.0,0.0,0.0,0.0
1319,0.0,0.0,0.0,0.0
1320,0.0,0.0,0.0,0.0
1321,0.0,0.0,0.0,0.0
1322,0.0,0.0,0.0,0.0
1323,0.0,0.0,0.0,0.0
1324,0.0,0.0,0.0,0.0
1325,0.0,0.0,0.0,0.0
1326,0.0,0.0,0.0,0.0
1327,0.0,0.0,0.0,0.0
1328,0.0,0.0,0.0,0.0
1329,0.0,0.0,0.0,0.0
1330,0.0,0.0,0.0,0.0
1331,0.0,0.0,0.0,0.0
1332,0.0,0.0,0.0,0.0
1333,0.0,0.0,0.0,0.0
1334,0.0,0.0,0.0,0.0
1335,0.0,0.0,0.0,0.0
1336,0.0,0.0,0.0,0.0
1337,0.0,0.0,0.0,0.0
1338,0.0,0.0,0.0,0.0
1339,0.0,0.0,0.0,0.0
1340,0.0,0.0,0.0,0.0
1341,0.0,0.0,0.0,0.0
1342,0.0,0.0,0.0,0.0
1343,0.0,0.0,0.0,0.0
1344,0.0,0.0,0.0,0.0
1345,0.0,0.0,0.0,0.0
1346,0.0,0.0,0.0,0.0
1347,0.0,0.0,0.0,0.0
1348,0.0,0.0,0.0,0.0
1349,0.0,0.0,0.0,0.0
1350,0.0,0.0,0.0,0.0
1351,0.0,0.0,0.0,0.0
1352,0.0,0.0,0.0,0.0
1353,0.0,0.0,0.0,0.0
1354,0.0,0.0,0.0,0.0
1355,0.0,0.0,0.0,0.0
1356,0.0,0.0,0.0,0.0
1357,0.0,0.0,0.0,0.0
1358,0.0,0.0,0.0,0.0
1359,0.0,0.0,0.0,0.0
1360,0.0,0.0,0.0,0.0
1361,0.0,0.0,0.0,0.0
1362,0.0,0.0,0.0,0.0
1363,0.0,0.0,0.0,0.0
1364,0.0,0.0,0.0,0.0
1365,0.0,0.0,0.0,0.0
1366,0.0,0.0,0.0,0.0
1367,0.0,0.0,0.0,0.0
1368,0.0,0.0,0.0,0.0
1369,0.0,0.0,0.0,0.0
1370,0.0,0.0,0.0,0.0
1371,0.0,0.0,0.0,0.0
1372,0.0,0.0,0.0,0.0
1373,0.0,0.0,0.0,0.0
1374,0.0,0.0,0.0,0.0
1375,0.0,0.0,0.0,0.0
1376,0.0,0.0,0.0,0.0
1377,0.0,0.0,0.0,0.0
1378,0.0,0.0,0.0,0.0
1379,0.0,0.0,0.0,0.0
1380,0.0,0.0,0.0,0.0
1381,0.0,0.0,0.0,0.0
1382,0.0,0.0,0.0,0.0
1383,0.0,0.0,0.0,0.0
1384,0.0,0.0,0.0,0.0
1385,0.0,0.0,0.0,0.0
1386,0.0,0.0,0.0,0.0
1387,0.0,0.0,0.0,0.0
1388,0.0,0.0,0.0,0.0
1389,0.0,0.0,0.0,0.0
1390,0.0,0.0,0.0,0.0
1391,0.0,0.0,0.0,0.0
1392,0.0,0.0,0.0,0.0
1393,0.0,0.0,0.0,0.0
1394,0.0,0.0,0.0,0.0
1395,0.0,0.0,0.0,0.0
1396,0.0,0.0,0.0,0.0
1397,0.0,0.0,0.0,0.0
1398,0.0,0.0,0.0,0.0
1399,0.0,0.0,0.0,0.0
1400,0.0,0.0,0.0,0.0
1401,0.0,0.0,0.0,0.0
1402,0.0,0.0,0.0,0.0
1403,0.0,0.0,0.0,0.0
1404,0.0,0.0,0.0,0.0
1405,0.0,0.0,0.0,0.0
1406,0.0,0.0,0.0,0.0
1407,0.0,0.0,0.0,0.0
1408,0.0,0.0,0.0,0.0
1409,0.0,0.0,0.0,0.0
1410,0.0,0.0,0.0,0.0
1411,0.0,0.0,0.0,0.0
1412,0.0,0.0,0.0,0.0
1413,0.0,0.0,0.0,0.0
1414,0.0,0.0,0.0,0.0
1415,0.0,0.0,0.0,0.0
1416,0.0,0.0,0.0,0.0
1417,0.0,0.0,0.0,0.0
1418,0.0,0.0,0.0,0.0
1419,0.0,0.0,0.0,0.0
1420,0.0,0.0,0.0,0.0
1421,0.0,0.0,0.0,0.0
1422,0.0,0.0,0.0,0.0
1423,0.0,0.0,0.0,0.0
1424,0.0,0.0,0.0,0.0
1425,0.0,0.0,0.0,0.0
1426,0.0,0.0,0.0,0.0
1427,0.0,0.0,0.0,0.0
1428,0.0,0.0,0.0,0.0
1429,0.0,0.0,0.0,0.0
1430,0.0,0.0,0.0,0.0
1431,0.0,0.0,0.0,0.0
1432,0.0,0.0,0.0,0.0
1433,0.0,0.0,0.0,0.0
1434,0.0,0.0,0.0,0.0
1435,0.0,0.0,0.0,0.0
1436,0.0,0.0,0.0,0.0
1437,0.0,0.0,0.0,0.0
1438,0.0,0.0,0.0,0.0
1439,0.0,0.0,0.0,0.0
1440,0.0,0.0,0.0,0.0
1441,0.0,0.0,0.0,0.0
1442,0.0,0.0,0.0,0.0
1443,0.0,0.0,0.0,0.0
1444,0.0,0.0,0.0,0.0
1445,0.0,0.0,0.0,0.0
1446,0.0,0.0,0.0,0.0
1447,0.0,0.0,0.0,0.0
1448,0.0,0.0,0.0,0.0
1449,0.0,0.0,0.0,0.0
1450,0.0,0.0,0.0,0.0
1451,0.0,0.0,0.0,0.0
1452,0.0,0.0,0.0,0.0
1453,0.0,0.0,0.0,0.0
1454,0.0,0.0,0.0,0.0
1455,0.0,0.0,0.0,0.0
1456,0.0,0.0,0.0,0.0
1457,0.0,0.0,0.0,0.0
1458,0.0,0.0,0.0,0.0
1459,0.0,0.0,0.0,0.0
1460,0.0,0.0,0.0,0.0
1461,0.0,0.0,0.0,0.0
1462,0.0,0.0,0.0,0.0
1463,0.0,0.0,0.0,0.0
1464,0.0,0.0,0.0,0.0
1465,0.0,0.0,0.0,0.0
1466,0.0,0.0,0.0,0.0
1467,0.0,0.0,0.0,0.0
1468,0.0,0.0,0.0,0.0
1469,0.0,0.0,0.0,0.0
1470,0.0,0.0,0.0,0.0
1471,0.0,0.0,0.0,0.0
1472,0.0,0.0,0.0,0.0
1473,0.0,0.0,0.0,0.0
1474,0.0,0.0,0.0,0.0
1475,0.0,0.0,0.0,0.0
1476,0.0,0.0,0.0,0.0
1477,0.0,0.0,0.0,0.0
1478,0.0,0.0,0.0,0.0
1479,0.0,0.0,0.0,0.0
1480,0.0,0.0,0.0,0.0
1481,0.0,0.0,0.0,0.0
1482,0.0,0.0,0.0,0.0
1483,0.0,0.0,0.0,0.0
1484,0.0,0.0,0.0,0.0
1485,0.0,0.0,0.0,0.0
1486,0.0,0.0,0.0,0.0
1487,0.0,0.0,0.0,0.0
1488,0.0,0.0,0.0,0.0
1489,0.0,0.0,0.0,0.0
1490,0.0,0.0,0.0,0.0
1491,0.0,0.0,0.0,0.0
1492,0.0,0.0,0.0,0.0
1493,0.0,0.0,0.0,0.0
1494,0.0,0.0,0.0,0.0
1495,0.0,0.0,0.0,0.0
1496,0.0,0.0,0.0,0.0
1497,0.0,0.0,0.0,0.0
1498,0.0,0.0,0.0,0.0
1499,0.0,0.0,0.0,0.0
1500,0.0,0.0,0.0,0.0
1501,0.0,0.0,0.0,0.0
1502,0.0,0.0,0.0,0.0
1503,0.0,0.0,0.0,0.0
1504,0.0,0.0,0.0,0.0
1505,0.0,0.0,0.0,0.0
1506,0.0,0.0,0.0,0.0
1507,0.0,0.0,0.0,0.0
1508,0.0,0.0,0.0,0.0
1509,0.0,0.0,0.0,0.0
1510,0.0,0.0,0.0,0.0
1511,0.0,0.0,0.0,0.0
1512,0.0,0.0,0.0,0.0
1513,0.0,0.0,0.0,0.0
1514,0.0,0.0,0.0,0.0
1515,0.0,0.0,0.0,0.0
1516,0.0,0.0,0.0,0.0
1517,0.0,0.0,0.0,0.0
1518,0.0,0.0,0.0,0.0
1519,0.0,0.0,0.0,0.0
1520,0.0,0.0,0.0,0.0
1521,0.0,0.0,0.0,0.0
1522,0.0,0.0,0.0,0.0
1523,0.0,0.0,0.0,0.0
1524,0.0,0.0,0.0,0.0
1525,0.0,0.0,0.0,0.0
1526,0.0,0.0,0.0,0.0
1527,0.0,0.0,0.0,0.0
1528,0.0,0.0,0.0,0.0
1529,0.0,0.0,0.0,0.0
1530,0.0,0.0,0.0,0.0
1531,0.0,0.0,0.0,0.0
1532,0.0,0.0,0.0,0.0
1533,0.0,0.0,0.0,0.0
1534,0.0,0.0,0.0,0.0
1535,0.0,0.0,0.0,0.0
1536,0.0,0.0,0.0,0.0
1537,0.0,0.0,0.0,0.0
1538,0.0,0.0,0.0,0.0
1539,0.0,0.0,0.0,0.0
1540,0.0,0.0,0.0,0.0
1541,0.0,0.0,0.0,0.0
1542,0.0,0.0,0.0,0.0
1543,0.0,0.0,0.0,0.0
1544,0.0,0.0,0.0,0.0
1545,0.0,0.0,0.0,0.0
1546,0.0,0.0,0.0,0.0
1547,0.0,0.0,0.0,0.0
1548,0.0,0.0,0.0,0.0
1549,0.0,0.0,0.0,0.0
1550,0.0,0.0,0.0,0.0
1551,0.0,0.0,0.0,0.0
1552,0.0,0.0,0.0,0.0
1553,0.0,0.0,0.0,0.0
1554,0.0,0.0,0.0,0.0
1555,0.0,0.0,0.0,0.0
1556,0.0,0.0,0.0,0.0
1557,0.0,0.0,0.0,0.0
1558,0.0,0.0,0.0,0.0
1559,0.0,0.0,0.0,0.0
1560,0.0,0.0,0.0,0.0
1561,0.0,0.0,0.0,0.0
1562,0.0,0.0,0.0,0.0
1563,0.0,0.0,0.0,0.0
1564,0.0,0.0,0.0,0.0
1565,0.0,0.0,0.0,0.0
1566,0.0,0.0,0.0,0.0
1567,0.0,0.0,0.0,0.0
1568,0.0,0.0,0.0,0.0
1569,0.0,0.0,0.0,0.0
1570,0.0,0.0,0.0,0.0
1571,0.0,0.0,0.0,0.0
1572,0.0,0.0,0.0,0.0
1573,0.0,0.0,0.0,0.0
1574,0.0,0.0,0.0,0.0
1575,0.0,0.0,0.0,0.0
1576,0.0,0.0,0.0,0.0
1577,0.0,0.0,0.0,0.0
1578,0.0,0.0,0.0,0.0
1579,0.0,0.0,0.0,0.0
1580,0.0,0.0,0.0,0.0
1581,0.0,0.0,0.0,0.0
1582,0.0,0.0,0.0,0.0
1583,0.0,0.0,0.0,0.0
1584,0.0,0.0,0.0,0.0
1585,0.0,0.0,0.0,0.0
1586,0.0,0.0,0.0,0.0
1587,0.0,0.0,0.0,0.0
1588,0.0,0.0,0.0,0.0
1589,0.0,0.0,0.0,0.0
1590,0.0,0.0,0.0,0.0
1591,0.0,0.0,0.0,0.0
1592,0.0,0.0,0.0,0.0
1593,0.0,0.0,0.0,0.0
1594,0.0,0.0,0.0,0.0
1595,0.0,0.0,0.0,0.0
1596,0.0,0.0,0.0,0.0
1597,0.0,0.0,0.0,0.0
1598,0.0,0.0,0.0,0.0
1599,0.0,0.0,0.0,0.0
1600,0.0,0.0,0.0,0.0
1601,0.0,0.0,0.0,0.0
1602,0.0,0.0,0.0,0.0
1603,0.0,0.0,0.0,0.0
1604,0.0,0.0,0.0,0.0
1605,0.0,0.0,0.0,0.0
1606,0.0,0.0,0.0,0.0
1607,0.0,0.0,0.0,0.0
1608,0.0,0.0,0.0,0.0
1609,0.0,0.0,0.0,0.0
1610,0.0,0.0,0.0,0.0
1611,0.0,0.0,0.0,0.0
1612,0.0,0.0,0.0,0.0
1613,0.0,0.0,0.0,0.0
1614,0.0,0.0,0.0,0.0
1615,0.0,0.0,0.0,0.0
1616,0.0,0.0,0.0,0.0
1617,0.0,0.0,0.0,0.0
1618,0.0,0.0,0.0,0.0
1619,0.0,0.0,0.0,0.0
1620,0.0,0.0,0.0,0.0
1621,0.0,0.0,0.0,0.0
1622,0.0,0.0,0.0,0.0
1623,0.0,0.0,0.0,0.0
1624,0.0,0.0,0.0,0.0
1625,0.0,0.0,0.0,0.0
1626,0.0,0.0,0.0,0.0
1627,0.0,0.0,0.0,0.0
1628,0.0,0.0,0.0,0.0
1629,0.0,0.0,0.0,0.0
1630,0.0,0.0,0.0,0.0
1631,0.0,0.0,0.0,0.0
1632,0.0,0.0,0.0,0.0
1633,0.0,0.0,0.0,0.0
1634,0.0,0.0,0.0,0.0
1635,0.0,0.0,0.0,0.0
1636,0.0,0.0,0.0,0.0
1637,0.0,0.0,0.0,0.0
1638,0.0,0.0,0.0,0.0
1639,0.0,0.0,0.0,0.0
1640,0.0,0.0,0.0,0.0
1641,0.0,0.0,0.0,0.0
1642,0.0,0.0,0.0,0.0
1643,0.0,0.0,0.0,0.0
1644,0.0,0.0,0.0,0.0
1645,0.0,0.0,0.0,0.0
1646,0.0,0.0,0.0,0.0
1647,0.0,0.0,0.0,0.0
1648,0.0,0.0,0.0,0.0
1649,0.0,0.0,0.0,0.0
1650,0.0,0.0,0.0,0.0
1651,0.0,0.0,0.0,0.0
1652,0.0,0.0,0.0,0.0
1653,0.0,0.0,0.0,0.0
1654,0.0,0.0,0.0,0.0
1655,0.0,0.0,0.0,0.0
1656,0.0,0.0,0.0,0.0
1657,0.0,0.0,0.0,0.0
1658,0.0,0.0,0.0,0.0
1659,0.0,0.0,0.0,0.0
1660,0.0,0.0,0.0,0.0
1661,0.0,0.0,0.0,0.0
1662,0.0,0.0,0.0,0.0
1663,0.0,0.0,0.0,0.0
1664,0.0,0.0,0.0,0.0
1665,0.0,0.0,0.0,0.0
1666,0.0,0.0,0.0,0.0
1667,0.0,0.0,0.0,0.0
1668,0.0,0.0,0.0,0.0
1669,0.0,0.0,0.0,0.0
1670,0.0,0.0,0.0,0.0
1671,0.0,0.0,0.0,0.0
1672,0.0,0.0,0.0,0.0
1673,0.0,0.0,0.0,0.0
1674,0.0,0.0,0.0,0.0
1675,0.0,0.0,0.0,0.0
1676,0.0,0.0,0.0,0.0
1677,0.0,0.0,0.0,0.0
1678,0.0,0.0,0.0,0.0
1679,0.0,0.0,0.0,0.0
1680,0.0,0.0,0.0,0.0
1681,0.0,0.0,0.0,0.0
1682,0.0,0.0,0.0,0.0
1683,0.0,0.0,0.0,0.0
1684,0.0,0.0,0.0,0.0
1685,0.0,0.0,0.0,0.0
1686,0.0,0.0,0.0,0.0
1687,0.0,0.0,0.0,0.0
1688,0.0,0.0,0.0,0.0
1689,0.0,0.0,0.0,0.0
1690,0.0,0.0,0.0,0.0
1691,0.0,0.0,0.0,0.0
1692,0.0,0.0,0.0,0.0
1693,0.0,0.0,0.0,0.0
1694,0.0,0.0,0.0,0.0
1695,0.0,0.0,0.0,0.0
1696,0.0,0.0,0.0,0.0
1697,0.0,0.0,0.0,0.0
1698,0.0,0.0,0.0,0.0
1699,0.0,0.0,0.0,0.0
1700,0.0,0.0,0.0,0.0
1701,0.0,0.0,0.0,0.0
1702,0.0,0.0,0.0,0.0
1703,0.0,0.0,0.0,0.0
1704,0.0,0.0,0.0,0.0
1705,0.0,0.0,0.0,0.0
1706,0.0,0.0,0.0,0.0
1707,0.0,0.0,0.0,0.0
1708,0.0,0.0,0.0,0.0
1709,0.0,0.0,0.0,0.0
1710,0.0,0.0,0.0,0.0
1711,0.0,0.0,0.0,0.0
1712,0.0,0.0,0.0,0.0
1713,0.0,0.0,0.0,0.0
1714,0.0,0.0,0.0,0.0
1715,0.0,0.0,0.0,0.0
1716,0.0,0.0,0.0,0.0
1717,0.0,0.0,0.0,0.0
1718,0.0,0.0,0.0,0.0
1719,0.0,0.0,0.0,0.0
1720,0.0,0.0,0.0,0.0
1721,0.0,0.0,0.0,0.0
1722,0.0,0.0,0.0,0.0
1723,0.0,0.0,0.0,0.0
1724,0.0,0.0,0.0,0.0
1725,0.0,0.0,0.0,0.0
1726,0.0,0.0,0.0,0.0
1727,0.0,0.0,0.0,0.0
1728,0.0,0.0,0.0,0.0
1729,0.0,0.0,0.0,0.0
1730,0.0,0.0,0.0,0.0
1731,0.0,0.0,0.0,0.0
1732,0.0,0.0,0.0,0.0
1733,0.0,0.0,0.0,0.0
1734,0.0,0.0,0.0,0.0
1735,0.0,0.0,0.0,0.0
1736,0.0,0.0,0.0,0.0
1737,0.0,0.0,0.0,0.0
1738,0.0,0.0,0.0,0.0
1739,0.0,0.0,0.0,0.0
1740,0.0,0.0,0.0,0.0
1741,0.0,0.0,0.0,0.0
1742,0.0,0.0,0.0,0.0
1743,0.0,0.0,0.0,0.0
1744,0.0,0.0,0.0,0.0
1745,0.0,0.0,0.0,0.0
1746,0.0,0.0,0.0,0.0
1747,0.0,0.0,0.0,0.0
1748,0.0,0.0,0.0,0.0
1749,0.0,0.0,0.0,0.0
1750,0.0,0.0,0.0,0.0
1751,0.0,0.0,0.0,0.0
1752,0.0,0.0,0.0,0.0
1753,0.0,0.0,0.0,0.0
1754,0.0,0.0,0.0,0.0
1755,0.0,0.0,0.0,0.0
1756,0.0,0.0,0.0,0.0
1757,0.0,0.0,0.0,0.0
1758,0.0,0.0,0.0,0.0
1759,0.0,0.0,0.0,0.0
1760,0.0,0.0,0.0,0.0
1761,0.0,0.0,0.0,0.0
1762,0.0,0.0,0.0,0.0
1763,0.0,0.0,0.0,0.0
1764,0.0,0.0,0.0,0.0
1765,0.0,0.0,0.0,0.0
1766,0.0,0.0,0.0,0.0
1767,0.0,0.0,0.0,0.0
1768,0.0,0.0,0.0,0.0
1769,0.0,0.0,0.0,0.0
1770,0.0,0.0,0.0,0.0
1771,0.0,0.0,0.0,0.0
1772,0.0,0.0,0.0,0.0
1773,0.0,0.0,0.0,0.0
1774,0.0,0.0,0.0,0.0
1775,0.0,0.0,0.0,0.0
1776,0.0,0.0,0.0,0.0
1777,0.0,0.0,0.0,0.0
1778,0.0,0.0,0.0,0.0
1779,0.0,0.0,0.0,0.0
1780,0.0,0.0,0.0,0.0
1781,0.0,0.0,0.0,0.0
1782,0.0,0.0,0.0,0.0
1783,0.0,0.0,0.0,0.0
1784,0.0,0.0,0.0,0.0
1785,0.0,0.0,0.0,0.0
1786,0.0,0.0,0.0,0.0
1787,0.0,0.0,0.0,0.0
1788,0.0,0.0,0.0,0.0
1789,0.0,0.0,0.0,0.0
1790,0.0,0.0,0.0,0.0
1791,0.0,0.0,0.0,0.0
1792,0.0,0.0,0.0,0.0
1793,0.0,0.0,0.0,0.0
1794,0.0,0.0,0.0,0.0
1795,0.0,0.0,0.0,0.0
1796,0.0,0.0,0.0,0.0
1797,0.0,0.0,0.0,0.0
1798,0.0,0.0,0.0,0.0
1799,0.0,0.0,0.0,0.0
1800,0.0,0.0,0.0,0.0
1801,0.0,0.0,0.0,0.0
1802,0.0,0.0,0.0,0.0
1803,0.0,0.0,0.0,0.0
1804,0.0,0.0,0.0,0.0
1805,0.0,0.0,0.0,0.0
1806,0.0,0.0,0.0,0.0
1807,0.0,0.0,0.0,0.0
1808,0.0,0.0,0.0,0.0
1809,0.0,0.0,0.0,0.0
1810,0.0,0.0,0.0,0.0
1811,0.0,0.0,0.0,0.0
1812,0.0,0.0,0.0,0.0
1813,0.0,0.0,0.0,0.0
1814,0.0,0.0,0.0,0.0
1815,0.0,0.0,0.0,0.0
1816,0.0,0.0,0.0,0.0
1817,0.0,0.0,0.0,0.0
1818,0.0,0.0,0.0,0.0
1819,0.0,0.0,0.0,0.0
1820,0.0,0.0,0.0,0.0
1821,0.0,0.0,0.0,0.0
1822,0.0,0.0,0.0,0.0
1823,0.0,0.0,0.0,0.0
1824,0.0,0.0,0.0,0.0
1825,0.0,0.0,0.0,0.0
1826,0.0,0.0,0.0,0.0
1827,0.0,0.0,0.0,0.0
1828,0.0,0.0,0.0,0.0
1829,0.0,0.0,0.0,0.0
1830,0.0,0.0,0.0,0.0
1831,0.0,0.0,0.0,0.0
1832,0.0,0.0,0.0,0.0
1833,0.0,0.0,0.0,0.0
1834,0.0,0.0,0.0,0.0
1835,0.0,0.0,0.0,0.0
1836,0.0,0.0,0.0,0.0
1837,0.0,0.0,0.0,0.0
1838,0.0,0.0,0.0,0.0
1839,0.0,0.0,0.0,0.0
1840,0.0,0.0,0.0,0.0
1841,0.0,0.0,0.0,0.0
1842,0.0,0.0,0.0,0.0
1843,0.0,0.0,0.0,0.0
1844,0.0,0.0,0.0,0.0
1845,0.0,0.0,0.0,0.0
1846,0.0,0.0,0.0,0.0
1847,0.0,0.0,0.0,0.0
1848,0.0,0.0,0.0,0.0
1849,0.0,0.0,0.0,0.0
1850,0.0,0.0,0.0,0.0
1851,0.0,0.0,0.0,0.0
1852,0.0,0.0,0.0,0.0
1853,0.0,0.0,0.0,0.0
1854,0.0,0.0,0.0,0.0
1855,0.0,0.0,0.0,0.0
1856,0.0,0.0,0.0,0.0
1857,0.0,0.0,0.0,0.0
1858,0.0,0.0,0.0,0.0
1859,0.0,0.0,0.0,0.0
1860,0.0,0.0,0.0,0.0
1861,0.0,0.0,0.0,0.0
1862,0.0,0.0,0.0,0.0
1863,0.0,0.0,0.0,0.0
1864,0.0,0.0,0.0,0.0
1865,0.0,0.0,0.0,0.0
1866,0.0,0.0,0.0,0.0
1867,0.0,0.0,0.0,0.0
1868,0.0,0.0,0.0,0.0
1869,0.0,0.0,0.0,0.0
1870,0.0,0.0,0.0,0.0
1871,0.0,0.0,0.0,0.0
1872,0.0,0.0,0.0,0.0
1873,0.0,0.0,0.0,0.0
1874,0.0,0.0,0.0,0.0
1875,0.0,0.0,0.0,0.0
1876,0.0,0.0,0.0,0.0
1877,0.0,0.0,0.0,0.0
1878,0.0,0.0,0.0,0.0
1879,0.0,0.0,0.0,0.0
1880,0.0,0.0,0.0,0.0
1881,0.0,0.0,0.0,0.0
1882,0.0,0.0,0.0,0.0
1883,0.0,0.0,0.0,0.0
1884,0.0,0.0,0.0,0.0
1885,0.0,0.0,0.0,0.0
1886,0.0,0.0,0.0,0.0
1887,0.0,0.0,0.0,0.0
1888,0.0,0.0,0.0,0.0
1889,0.0,0.0,0.0,0.0
1890,0.0,0.0,0.0,0.0
1891,0.0,0.0,0.0,0.0
1892,0.0,0.0,0.0,0.0
1893,0.0,0.0,0.0,0.0
1894,0.0,0.0,0.0,0.0
1895,0.0,0.0,0.0,0.0
1896,0.0,0.0,0.0,0.0
1897,0.0,0.0,0.0,0.0
1898,0.0,0.0,0.0,0.0
1899,0.0,0.0,0.0,0.0
1900,0.0,0.0,0.0,0.0
1901,0.0,0.0,0.0,0.0
1902,0.0,0.0,0.0,0.0
1903,0.0,0.0,0.0,0.0
1904,0.0,0.0,0.0,0.0
1905,0.0,0.0,0.0,0.0
1906,0.0,0.0,0.0,0.0
1907,0.0,0.0,0.0,0.0
1908,0.0,0.0,0.0,0.0
1909,0.0,0.0,0.0,0.0
1910,0.0,0.0,0.0,0.0
1911,0.0,0.0,0.0,0.0
1912,0.0,0.0,0.0,0.0
1913,0.0,0.0,0.0,0.0
1914,0.0,0.0,0.0,0.0
1915,0.0,0.0,0.0,0.0
1916,0.0,0.0,0.0,0.0
1917,0.0,0.0,0.0,0.0
1918,0.0,0.0,0.0,0.0
1919,0.0,0.0,0.0,0.0
1920,0.0,0.0,0.0,0.0
1921,0.0,0.0,0.0,0.0
1922,0.0,0.0,0.0,0.0
1923,0.0,0.0,0.0,0.0
1924,0.0,0.0,0.0,0.0
1925,0.0,0.0,0.0,0.0
1926,0.0,0.0,0.0,0.0
1927,0.0,0.0,0.0,0.0
1928,0.0,0.0,0.0,0.0
1929,0.0,0.0,0.0,0.0
1930,0.0,0.0,0.0,0.0
1931,0.0,0.0,0.0,0.0
1932,0.0,0.0,0.0,0.0
1933,0.0,0.0,0.0,0.0
1934,0.0,0.0,0.0,0.0
1935,0.0,0.0,0.0,0.0
1936,0.0,0.0,0.0,0.0
1937,0.0,0.0,0.0,0.0
1938,0.0,0.0,0.0,0.0
1939,0.0,0.0,0.0,0.0
1940,0.0,0.0,0.0,0.0
1941,0.0,0.0,0.0,0.0
1942,0.0,0.0,0.0,0.0
1943,0.0,0.0,0.0,0.0
1944,0.0,0.0,0.0,0.0
1945,0.0,0.0,0.0,0.0
1946,0.0,0.0,0.0,0.0
1947,0.0,0.0,0.0,0.0
1948,0.0,0.0,0.0,0.0
1949,0.0,0.0,0.0,0.0
1950,0.0,0.0,0.0,0.0
1951,0.0,0.0,0.0,0.0
1952,0.0,0.0,0.0,0.0
1953,0.0,0.0,0.0,0.0
1954,0.0,0.0,0.0,0.0
1955,0.0,0.0,0.0,0.0
1956,0.0,0.0,0.0,0.0
1957,0.0,0.0,0.0,0.0
1958,0.0,0.0,0.0,0.0
1959,0.0,0.0,0.0,0.0
1960,0.0,0.0,0.0,0.0
1961,0.0,0.0,0.0,0.0
1962,0.0,0.0,0.0,0.0
1963,0.0,0.0,0.0,0.0
1964,0.0,0.0,0.0,0.0
1965,0.0,0.0,0.0,0.0
1966,0.0,0.0,0.0,0.0
1967,0.0,0.0,0.0,0.0
1968,0.0,0.0,0.0,0.0
1969,0.0,0.0,0.0,0.0
1970,0.0,0.0,0.0,0.0
1971,0.0,0.0,0.0,0.0
1972,0.0,0.0,0.0,0.0
1973,0.0,0.0,0.0,0.0
1974,0.0,0.0,0.0,0.0
1975,0.0,0.0,0.0,0.0
1976,0.0,0.0,0.0,0.0
1977,0.0,0.0,0.0,0.0
1978,0.0,0.0,0.0,0.0
1979,0.0,0.0,0.0,0.0
1980,0.0,0.0,0.0,0.0
1981,0.0,0.0,0.0,0.0
1982,0.0,0.0,0.0,0.0
1983,0.0,0.0,0.0,0.0
1984,0.0,0.0,0.0,0.0
1985,0.0,0.0,0.0,0.0
1986,0.0,0.0,0.0,0.0
1987,0.0,0.0,0.0,0.0
1988,0.0,0.0,0.0,0.0
1989,0.0,0.0,0.0,0.0
1990,0.0,0.0,0.0,0.0
1991,0.0,0.0,0.0,0.0
1992,0.0,0.0,0.0,0.0
1993,0.0,0.0,0.0,0.0
1994,0.0,0.0,0.0,0.0
1995,0.0,0.0,0.0,0.0
1996,0.0,0.0,0.0,0.0
1997,0.0,0.0,0.0,0.0
1998,0.0,0.0,0.0,0.0
1999,0.0,0.0,0.0,0.0
