episode,length,time,reward,delta
0,37.0,0.0017849999999839383,0.0,-0.0005543884636976922
1,43.0,0.0019310000000132277,0.0,-0.0007289552167204624
2,21.0,0.0009529999999813299,0.0,-0.0006540864346781234
3,14.0,0.0006510000000048421,0.0,-0.00033241761218865307
4,11.0,0.0005319999999642278,0.0,-1.0955675365460137e-05
5,15.0,0.0006989999999973406,0.0,-0.0006802841981474481
6,56.0,0.0024629999999774554,0.0,-0.0002820305546088045
7,8.0,0.00039800000001832814,0.0,7.966639153703345e-05
8,23.0,0.001044999999976426,0.0,-6.379390126334168e-05
9,15.0,0.0006930000000124892,0.0,-6.802841981474471e-05
10,29.0,0.001301000000012209,0.0,-0.0007634652308535949
11,12.0,0.0005620000000021719,0.0,-0.0003318907010074378
12,77.0,0.003399000000001706,0.0,7.966639153703336e-06
13,20.0,0.0009049999999888314,0.0,-0.0005887937768459252
14,40.0,0.001794000000018059,0.0,-0.0002631738497980581
15,18.0,0.0008169999999836364,0.0,0.0001647800362759505
16,25.0,0.0011219999999525498,0.0,0.0001813105569999819
17,15.0,0.0006970000000023902,0.0,-2.8203055460880464e-05
18,22.0,0.000988999999947282,0.0,0.0001260983052160817
19,18.0,0.0008219999999710126,0.0,-6.802841981474458e-06
20,21.0,0.0010089999999536303,0.0,-0.00023927482155114576
21,26.0,0.0011809999999741194,0.0,0.00013683754492940927
22,17.0,0.0007799999999633656,0.0,0.00018945856960816664
23,24.0,0.0010800000000017462,0.0,0.00016637146164757182
24,8.0,0.0003930000000309519,0.0,1.6637146164757174e-05
25,26.0,0.0011570000000347136,0.0,0.00016924924706422602
26,10.0,0.0005279999999743268,0.0,-6.379390126334166e-06
27,63.0,0.0027230000000031396,0.0,-4.78330385546161e-06
28,11.0,0.0005150000000071486,0.0,1.69249247064226e-05
29,25.0,0.0011279999999942447,0.0,1.692492470642252e-06
30,15.0,0.0007139999999594693,0.0,-2.6317384979805832e-05
31,5.0,0.0002669999999511674,0.0,0.00018129641554991848
32,8.0,0.00039199999997663326,0.0,0.0001891782534408427
33,11.0,0.0005189999999970496,0.0,0.00016311254237719674
34,14.0,0.0006440000000225155,0.0,1.6855600378981746e-05
35,15.0,0.0006849999999758438,0.0,0.0001305207848099591
36,45.0,0.0019810000000006767,0.0,0.00014310129847810678
37,18.0,0.000822000000027856,0.0,1.8917825344084277e-05
38,32.0,0.0014140000000111286,0.0,-0.00034696119324830084
39,17.0,0.0007719999999835636,0.0,0.0001830605316956943
40,32.0,0.001404999999977008,0.0,2.0243860306514696e-05
41,9.0,0.00044499999995650796,0.0,1.3052078480995923e-05
42,9.0,0.0004360000000360742,0.0,0.00016245600377833366
43,15.0,0.0006859999999733191,0.0,0.00010639869735890061
44,30.0,0.001366999999959262,0.0,0.0001302507240190792
45,49.0,0.0021419999999920947,0.0,1.624560037783335e-05
46,10.0,0.0004819999999767788,0.0,0.00010433789120470875
47,14.0,0.0006510000000048421,0.0,1.0433789120470858e-05
48,82.0,0.0036109999999780484,0.0,0.00018165703247014018
49,81.0,0.003512999999998101,0.0,-0.0003978991281714215
50,16.0,0.0007410000000049877,0.0,0.00018994775597337815
51,17.0,0.0007719999999835636,0.0,4.40195880836537e-05
52,7.0,0.000348999999971511,0.0,7.590546917093993e-05
53,13.0,0.0006109999999921456,0.0,1.8165703247014007e-05
54,14.0,0.0006399999999757711,0.0,0.00019107807546154252
55,27.0,0.0011969999999905667,0.0,1.0639869735890056e-05
56,26.0,0.001144000000010692,0.0,0.00019067023604459318
57,14.0,0.0006660000000238142,0.0,0.00017245518992697333
58,12.0,0.0005740000000287182,0.0,-2.5307499427477666e-05
59,11.0,0.0005179999999995744,0.0,0.00018994865873655107
60,14.0,0.000642000000027565,0.0,-3.117878044816221e-05
61,8.0,0.0003899999999816828,0.0,1.89948658736551e-05
62,13.0,0.0005990000000224427,0.0,0.00018344129419007308
63,22.0,0.0009979999999814027,0.0,1.8344129419007303e-05
64,16.0,0.0007289999999784413,0.0,0.00019131838172951069
65,30.0,0.0013180000000261316,0.0,0.00016970734228213024
66,6.0,0.0003059999999663887,0.0,1.6970734228213027e-05
67,22.0,0.0009820000000217988,0.0,0.00018329566882394172
68,12.0,0.0005580000000122709,0.0,0.00019066971911298127
69,6.0,0.00030499999996891347,0.0,0.00016736307655433982
70,30.0,0.0013219999999591892,0.0,0.00018996192724213666
71,31.0,0.0013710000000060063,0.0,0.0001745840643830896
72,44.0,0.0019270000000233267,0.0,0.0001924003651054621
73,101.0,0.0043060000000423315,0.0,0.00010227096460353391
74,17.0,0.0007709999999860884,0.0,1.0639869735889975e-06
75,22.0,0.0010510000000181208,0.0,0.00013186841742939576
76,61.0,0.0026569999999992433,0.0,0.000191859918533395
77,52.0,0.002262999999970816,0.0,2.512688710365124e-05
78,4.0,0.0002250000000003638,0.0,1.918599185333949e-05
79,8.0,0.000394999999969059,0.0,0.00019183052335175103
80,16.0,0.0007289999999784413,0.0,9.515677821656697e-05
81,67.0,0.0028760000000147556,0.0,1.3186841742939557e-05
82,99.0,0.004228000000011889,0.0,0.000186950621043206
83,11.0,0.0005429999999932988,0.0,0.00018961727987021172
84,14.0,0.0006480000000124164,0.0,1.896172798702118e-05
85,23.0,0.0010389999999915744,0.0,1.8961727987021153e-06
86,42.0,0.0018849999999588363,0.0,7.845897056734223e-05
87,22.0,0.001007999999956155,0.0,0.00017376063882708676
88,7.0,0.0003510000000233049,0.0,0.00019256768156501416
89,21.0,0.0009440000000040527,0.0,0.00018253540809039318
90,11.0,0.0005189999999970496,0.0,1.92567681565014e-05
91,14.0,0.0006429999999681968,0.0,0.00016948896778739731
92,39.0,0.0017080000000078144,0.0,0.00019177290636158192
93,15.0,0.0007420000000024629,0.0,1.9177290636158175e-05
94,29.0,0.0012960000000248328,0.0,1.825354080903932e-05
95,11.0,0.0005209999999920001,0.0,1.8253540809039237e-06
96,31.0,0.001389999999958036,0.0,1.8695062104320597e-05
97,7.0,0.0003530000000182554,0.0,0.0001892876185034236
98,17.0,0.0007850000000075852,0.0,1.694889677873973e-05
99,15.0,0.0006860000000301625,0.0,1.8253540809038695e-07
100,19.0,0.0008540000000039072,0.0,1.3186841742939502e-06
101,24.0,0.001094000000023243,0.0,7.845897056734237e-06
102,15.0,0.0007019999999897664,0.0,0.0001925702664345497
103,13.0,0.0006000000000199179,0.0,0.0001925193112668377
104,4.0,0.00022200000000793807,0.0,0.00019262132210768243
105,11.0,0.0005659999999920728,0.0,1.9251931126683755e-05
106,24.0,0.001082999999994172,0.0,1.8695062104320706e-06
107,7.0,0.00035499999995636244,0.0,0.00017680878513966124
108,31.0,0.0013650000000211548,0.0,1.063986973588889e-07
109,40.0,0.00174400000003061,0.0,0.00019154346307623268
110,4.0,0.00022100000001046283,0.0,1.915434630762327e-05
111,13.0,0.0006020000000148684,0.0,0.00016079400968909162
112,28.0,0.0012490000000298096,0.0,0.00016743541889925275
113,19.0,0.0008670000000279288,0.0,1.6743541889925265e-05
114,8.0,0.00039199999997663326,0.0,0.00015257149891840656
115,14.0,0.0006410000000300897,0.0,1.5257149891840659e-05
116,9.0,0.0004360000000360742,0.0,0.0001906518508248917
117,10.0,0.0004729999999995016,0.0,0.00017526948021035852
118,8.0,0.00039199999997663326,0.0,0.00019242540907732855
119,45.0,0.0020069999999918764,0.0,1.607940096890915e-05
120,11.0,0.000523000000043794,0.0,0.000143959388131363
121,10.0,0.0004799999999818283,0.0,3.1235173225027104e-05
122,10.0,0.00048399999997172927,0.0,1.7526948021035854e-05
123,25.0,0.0011069999999904212,0.0,1.7526948021035936e-06
124,9.0,0.00043299999998680505,0.0,0.00019020711697039283
125,6.0,0.0003070000000207074,0.0,1.7526948021035394e-07
126,24.0,0.001082999999994172,0.0,1.752694802102184e-08
127,9.0,0.00043499999998175554,0.0,0.00016719294171772982
128,18.0,0.0008789999999976317,0.0,0.00014124675871077596
129,26.0,0.0011509999999930187,0.0,0.00014160775134119504
130,16.0,0.0007429999999999382,0.0,0.00017178285326837668
131,11.0,0.0005189999999970496,0.0,0.0001813876704916283
132,9.0,0.0004340000000411237,0.0,0.00018865203801279903
133,14.0,0.0006469999999580978,0.0,0.00017502505727806297
134,50.0,0.0021790000000123655,0.0,3.1235173225027104e-06
135,4.0,0.0002230000000054133,0.0,0.00019184073535617169
136,30.0,0.0013260000000059335,0.0,0.00019139065199328095
137,24.0,0.0010760000000118453,0.0,1.4160775134119502e-05
138,44.0,0.001963999999986754,0.0,1.913906519932808e-05
139,19.0,0.000872000000015305,0.0,0.00017531236443497079
140,25.0,0.001109999999982847,0.0,0.00016889632092196473
141,7.0,0.00034800000003087916,0.0,1.6889632092196476e-05
142,19.0,0.0008569999999963329,0.0,0.00017298612598994257
143,10.0,0.0004759999999919273,0.0,0.0001887937390103685
144,21.0,0.0009479999999939537,0.0,0.00015620507318011656
145,13.0,0.0006079999999997199,0.0,1.5620507318011645e-05
146,5.0,0.00027000000000043656,0.0,1.7298612598994246e-05
147,8.0,0.0003969999999640095,0.0,0.0001892232146909823
148,26.0,0.0011680000000069413,0.0,-0.0005551434465584932
149,18.0,0.0008179999999811116,0.0,-2.9397106503592773e-05
150,9.0,0.0004339999999842803,0.0,1.7178285326837668e-05
151,11.0,0.0005209999999920001,0.0,0.00017478610551271772
152,15.0,0.0006989999999973406,0.0,4.4105397048979346e-05
153,43.0,0.0018779999999765096,0.0,2.5126887103651106e-06
154,15.0,0.0006889999999657448,0.0,0.00018446609806058924
155,66.0,0.0028560000000084074,0.0,0.00011021321274000566
156,8.0,0.00039400000002842717,0.0,1.8446609806058926e-05
157,12.0,0.0005580000000122709,0.0,-1.8097483489131692e-05
158,18.0,0.000822000000027856,0.0,0.00016030395739992566
159,6.0,0.0003079999999613392,0.0,1.8446609806058926e-06
160,16.0,0.0007309999999733918,0.0,0.00014026789876478999
161,11.0,0.0005350000000134969,0.0,0.00018751122296108348
162,10.0,0.0004749999999944521,0.0,0.00016721753880002683
163,25.0,0.0011070000000472646,0.0,0.0001913132740193251
164,5.0,0.00026800000000548607,0.0,0.00018585840601879412
165,23.0,0.0010269999999650281,0.0,0.00016793137855735925
166,53.0,0.0023019999999860374,0.0,1.7178285326837695e-06
167,70.0,0.0030090000000200234,0.0,0.00015660052000464547
168,23.0,0.0010350000000016735,0.0,-0.0006333934543044555
169,22.0,0.0010879999999815482,0.0,0.00014169465595335716
170,10.0,0.0004969999999957508,0.0,0.0001840959373586263
171,8.0,0.0003969999999640095,0.0,0.00017473602658098084
172,14.0,0.0006500000000073669,0.0,0.0001922000491427462
173,23.0,0.001098000000013144,0.0,-1.809748348913161e-06
174,52.0,0.0022660000000200853,0.0,0.00014333276920584255
175,21.0,0.0009610000000179753,0.0,0.00019195723068600074
176,18.0,0.0008290000000101827,0.0,0.00016944282474367056
177,39.0,0.001706000000012864,0.0,0.0001696663006333731
178,6.0,0.00030600000002323213,0.0,-1.7888882439625063e-05
179,26.0,0.001159999999970296,0.0,0.0001903547942768276
180,20.0,0.0009039999999913562,0.0,0.000156651231362156
181,29.0,0.0013379999999756365,0.0,0.0001912311586166316
182,24.0,0.001079000000004271,0.0,0.0001697152547561166
183,35.0,0.0015280000000075233,0.0,0.00013993459057429935
184,85.0,0.00362400000000207,0.0,-0.0005490252920745439
185,16.0,0.0007840000000101099,0.0,1.5620507318011754e-06
186,25.0,0.0011409999999614229,0.0,0.00019216214963911098
187,15.0,0.00068999999996322,0.0,0.00016500002942018325
188,6.0,0.0003070000000207074,0.0,1.9216214963911106e-05
189,8.0,0.00043700000003354944,0.0,0.00019243930434323345
190,23.0,0.0010320000000092477,0.0,0.0001416951630669323
191,44.0,0.001936000000000604,0.0,1.921621496391105e-06
192,17.0,0.0007730000000378823,0.0,0.00015938353475760552
193,7.0,0.000348999999971511,0.0,1.5938353475760552e-05
194,21.0,0.0009520000000406981,0.0,1.921621496391078e-07
195,14.0,0.0006480000000124164,0.0,1.562050731801067e-07
196,13.0,0.0006250000000136424,0.0,0.00014220025047902203
197,11.0,0.0005390000000033979,0.0,1.416951630669322e-05
198,26.0,0.0011609999999677711,0.0,0.0001725638025639173
199,10.0,0.00047600000004877074,0.0,4.392948328374525e-05
200,56.0,0.00243399999999383,0.0,1.725638025639172e-05
201,53.0,0.0023390000000063083,0.0,4.392948328374522e-06
202,11.0,0.000523000000043794,0.0,0.00013521978888678948
203,21.0,0.0009529999999813299,0.0,0.0001727722225685128
204,43.0,0.0018660000000068067,0.0,0.00014835423862505449
205,41.0,0.0018059999999877618,0.0,0.00015048457110995205
206,44.0,0.0019839999999931024,0.0,-2.5485251140624658e-05
207,17.0,0.0007810000000176842,0.0,0.00019255243456275923
208,6.0,0.0003070000000207074,0.0,0.0001379676619995053
209,41.0,0.001775000000009186,0.0,0.00016429187551106103
210,4.0,0.00021999999995614417,0.0,0.00019096728047033443
211,59.0,0.002530999999976302,0.0,1.3521978888678945e-05
212,58.0,0.002491999999961081,0.0,0.00016899210026441057
213,54.0,0.0023889999999937572,0.0,0.00019350262121042226
214,7.0,0.0003649999999879583,0.0,0.00019225948209006228
215,17.0,0.0007729999999810389,0.0,0.00017457993760997296
216,21.0,0.000937000000021726,0.0,1.56205073180188e-08
217,27.0,0.0011920000000031905,0.0,1.9225948209006233e-05
218,27.0,0.001213000000007014,0.0,1.562050731791038e-09
219,5.0,0.00026300000001810986,0.0,0.00017361886014953418
220,10.0,0.0004759999999919273,0.0,1.7457993760997285e-05
221,18.0,0.0008230000000253312,0.0,3.106165612471094e-05
222,4.0,0.00022699999999531428,0.0,1.7457993760997285e-06
223,17.0,0.0007779999999684151,0.0,1.7457993760998099e-07
224,18.0,0.0008139999999912106,0.0,0.00016860055517617002
225,54.0,0.0023360000000138825,0.0,-0.00036226982096124703
226,43.0,0.0018739999999866086,0.0,0.0001575257762960963
227,23.0,0.001036999999996624,0.0,-2.5485251140624522e-06
228,4.0,0.0002209999999536194,0.0,0.0001918477992256665
229,34.0,0.0014900000000466207,0.0,0.00013783062828873872
230,17.0,0.0007749999999759893,0.0,0.00016471161139722945
231,69.0,0.0030480000000352447,0.0,0.00019226249405938058
232,49.0,0.002158000000008542,0.0,4.601892556015981e-05
233,22.0,0.0009840000000167493,0.0,0.00019323995885192887
234,7.0,0.00035200000002078013,0.0,0.00018788159422594003
235,46.0,0.0020030000000019754,0.0,0.00019234307215581034
236,26.0,0.0011580000000321888,0.0,-0.00029773728673505406
237,11.0,0.0005239999999844258,0.0,1.8788159422593992e-05
238,30.0,0.0013330000000451037,0.0,0.00016592294896819573
239,21.0,0.000941000000011627,0.0,1.647116113972293e-05
240,7.0,0.00035200000002078013,0.0,1.8788159422593938e-06
241,22.0,0.0009810000000243235,0.0,0.00018374076680845826
242,31.0,0.0013590000000363034,0.0,0.00019417795223817153
243,30.0,0.001377999999988333,0.0,1.6592294896819562e-05
244,12.0,0.0005649999999945976,0.0,0.00014546461422583766
245,16.0,0.0007329999999683423,0.0,0.00019244867273262662
246,10.0,0.00048399999997172927,0.0,1.689921002644105e-05
247,20.0,0.0009570000000280743,0.0,1.4546461422583755e-05
248,22.0,0.0010070000000155233,0.0,-0.0002739935451745596
249,23.0,0.0010230000000319706,0.0,0.0001833954362263204
250,5.0,0.00026500000001306034,0.0,0.00016966591220497524
251,10.0,0.00047399999999697684,0.0,0.00018955834974081174
252,13.0,0.0006030000000123437,0.0,0.000165298130822833
253,9.0,0.0004450000000133514,0.0,-1.3179645153559743e-05
254,30.0,0.001362999999969361,0.0,3.218513044346829e-05
255,14.0,0.000647999999955573,0.0,0.0001852047130615832
256,27.0,0.001205999999967844,0.0,-1.3179645153559851e-06
257,11.0,0.0005159999999477805,0.0,1.6592294896819698e-06
258,10.0,0.00047399999999697684,0.0,0.0001695911286899568
259,17.0,0.0007759999999734646,0.0,-3.2056236411241094e-05
260,10.0,0.00047399999999697684,0.0,0.00018584706253423785
261,27.0,0.001201999999977943,0.0,0.0001562514014520958
262,36.0,0.0016200000000026193,0.0,0.00019165861224579626
263,19.0,0.0008540000000039072,0.0,0.0001669944006695707
264,29.0,0.001274000000023534,0.0,2.4153243416537128e-05
265,18.0,0.000864000000035503,0.0,0.00019262392353375376
266,15.0,0.00068999999996322,0.0,1.916586122457963e-05
267,31.0,0.0013809999999807587,0.0,1.669944006695706e-05
268,21.0,0.0009400000000141517,0.0,0.00016915680102817308
269,18.0,0.0008109999999987849,0.0,0.00019036187864651948
270,14.0,0.000661000000036438,0.0,1.9036187864651948e-05
271,31.0,0.00136600000001863,0.0,0.0001690657973992848
272,11.0,0.0005540000000223699,0.0,0.0001569795781169729
273,75.0,0.0032360000000153377,0.0,0.00011723676536661533
274,15.0,0.0006870000000276377,0.0,0.00017109754834720281
275,24.0,0.001076999999952477,0.0,0.00019139532387982231
276,15.0,0.0006849999999758438,0.0,1.710975483472027e-05
277,36.0,0.0016300000000342152,0.0,0.00018977059907782976
278,9.0,0.00044700000000830187,0.0,0.00018675969040563343
279,11.0,0.0005199999999945248,0.0,0.0001923161665580311
280,8.0,0.0003899999999816828,0.0,0.00018376302140492024
281,14.0,0.0006450000000199907,0.0,1.9231616655803114e-05
282,27.0,0.0011850000000208638,0.0,-2.799848275237101e-05
283,96.0,0.004189999999994143,0.0,0.00019059044170709904
284,11.0,0.0005209999999920001,0.0,0.00019175020322893926
285,7.0,0.000348999999971511,0.0,0.00017531866163177987
286,21.0,0.0009379999999623578,0.0,1.5697957811697288e-05
287,28.0,0.0012409999999931642,0.0,0.00018731546015967113
288,23.0,0.0010239999999726024,0.0,0.00019239088280464215
289,15.0,0.0007019999999897664,0.0,0.00016951429292552393
290,16.0,0.0007309999999733918,0.0,1.69514292925524e-05
291,19.0,0.0008700000000203545,0.0,0.00015605838819534763
292,11.0,0.0005189999999970496,0.0,0.00013890632666187973
293,51.0,0.0022550000000478576,0.0,1.1723676536661514e-05
294,9.0,0.0004360000000360742,0.0,4.782799817974406e-05
295,38.0,0.0016590000000178406,0.0,0.0001907352504402241
296,14.0,0.0006490000000098917,0.0,-2.7439359542234885e-05
297,26.0,0.0011799999999766442,0.0,0.0001879187711531913
298,48.0,0.002077999999983149,0.0,0.00017773566153071992
299,12.0,0.0005699999999819738,0.0,0.00019268458388532191
300,13.0,0.0006049999999504507,0.0,0.00019034828248109907
301,8.0,0.0003920000000334767,0.0,0.00018534424428932807
302,29.0,0.0012720000000285836,0.0,0.00019132207184353924
303,41.0,0.0017799999999965621,0.0,1.3890632666187957e-05
304,33.0,0.0014600000000086766,0.0,1.389063266618801e-06
305,24.0,0.0010689999999726751,0.0,0.00019039139889131477
306,31.0,0.0013599999999769352,0.0,0.0001954535890043577
307,9.0,0.0004319999999893298,0.0,0.00019143269700155148
308,11.0,0.00051399999995283,0.0,0.00019061029980502932
309,13.0,0.0006129999999870961,0.0,0.00018966320557573538
310,11.0,0.0005160000000046239,0.0,0.00017525180574229327
311,27.0,0.0012609999999995125,0.0,-0.00025484649279562574
312,15.0,0.0006919999999581705,0.0,0.00016964026233037133
313,8.0,0.000390999999979158,0.0,0.0001902567719905285
314,28.0,0.001236000000005788,0.0,1.7773566153071995e-05
315,6.0,0.00030600000002323213,0.0,0.0001926653869905731
316,31.0,0.0013529999999946085,0.0,0.00017503209537804288
317,13.0,0.0006099999999946704,0.0,0.0001683631266536196
318,21.0,0.0009340000000293003,0.0,0.00016968599597862584
319,10.0,0.0004749999999944521,0.0,1.3890632666189095e-07
320,51.0,0.0022170000000301116,0.0,0.00017475690209858204
321,10.0,0.00048300000003109744,0.0,2.9478223405985814e-05
322,10.0,0.0004900000000134241,0.0,0.00013865276986124044
323,7.0,0.0003519999999639367,0.0,0.00018451405735454314
324,27.0,0.0012030000000322616,0.0,1.7773566153071968e-06
325,20.0,0.0008920000000216532,0.0,0.00017888603329452264
326,21.0,0.000998999999978878,0.0,0.0001915571237351275
327,37.0,0.001622999999995045,0.0,0.00013447737650883735
328,8.0,0.000390999999979158,0.0,0.00016806812239363665
329,22.0,0.001036999999996624,0.0,0.00012851252710221843
330,8.0,0.0003930000000309519,0.0,0.00019138221198419358
331,10.0,0.0004759999999919273,0.0,1.913822119841934e-05
332,6.0,0.00031300000000555883,0.0,0.0001889903311510394
333,22.0,0.0009820000000217988,0.0,0.00018033647910524573
334,23.0,0.0010280000000193468,0.0,0.00017587186162794618
335,7.0,0.000348999999971511,0.0,1.889903311510393e-05
336,19.0,0.0008689999999660358,0.0,0.0001761892198257178
337,38.0,0.0017040000000179134,0.0,0.0001637018628822029
338,21.0,0.0010540000000105465,0.0,0.00019159029547209785
339,12.0,0.0005660000000489163,0.0,0.00017361191845534178
340,36.0,0.0015779999999949723,0.0,0.00016895877303531564
341,7.0,0.0003510000000233049,0.0,1.689587730353156e-05
342,20.0,0.0009109999999736829,0.0,0.0001697295568366653
343,85.0,0.003700000000037562,0.0,0.00017515212789202144
344,26.0,0.0011489999999980682,0.0,0.00018826451305146917
345,14.0,0.0006600000000389628,0.0,1.6972955683666535e-05
346,48.0,0.002131000000019867,0.0,0.0001892643611701131
347,32.0,0.0014070000000288019,0.0,0.00014094460532364762
348,16.0,0.0007309999999733918,0.0,0.0001923254694530177
349,13.0,0.0006089999999971951,0.0,0.0001918719647272528
350,26.0,0.0011990000000423606,0.0,0.00017236907222586715
351,13.0,0.0006030000000123437,0.0,0.0001599780642388711
352,12.0,0.0005610000000046966,0.0,0.00017084548536388305
353,55.0,0.003233000000022912,0.0,0.00019459690362404124
354,24.0,0.001071000000024469,0.0,0.00018983837314529074
355,6.0,0.00032999999996263796,0.0,0.00019258892393971523
356,12.0,0.0005649999999945976,0.0,1.9459690362404116e-05
357,29.0,0.0012909999999806132,0.0,0.00017229385998198546
358,12.0,0.0005609999999478532,0.0,0.00018535125607306262
359,16.0,0.0007289999999784413,0.0,1.7084548536388296e-05
360,34.0,0.0014990000000238979,0.0,1.5997806423887102e-05
361,26.0,0.0011430000000132168,0.0,0.00014637666145284953
362,44.0,0.0019729999999640313,0.0,0.00014333374381728182
363,20.0,0.0008999999999446118,0.0,1.4637666145284945e-05
364,27.0,0.001197999999988042,0.0,0.0001952443729883786
365,28.0,0.0012470000000348591,0.0,0.00017837468992502845
366,47.0,0.002032999999983076,0.0,0.00019269251082848054
367,17.0,0.0007689999999911379,0.0,4.404283261757121e-05
368,33.0,0.0014569999999594074,0.0,0.00014565335392953378
369,10.0,0.0004779999999868778,0.0,0.0001572565175532675
370,6.0,0.0003580000000056316,0.0,1.9269251082848043e-05
371,10.0,0.00048600000002352317,0.0,4.404283261757129e-06
372,5.0,0.0002709999999979118,0.0,0.00014016423620473217
373,31.0,0.0013569999999845095,0.0,0.0001770925148218895
374,10.0,0.0004759999999919273,0.0,-2.9269029909667334e-05
375,11.0,0.0005149999999503052,0.0,0.00010634610961863535
376,8.0,0.0003899999999816828,0.0,0.00016756550085041298
377,8.0,0.00041499999997540726,0.0,1.6756550085041306e-05
378,15.0,0.0006839999999783686,0.0,4.4274793628796405e-05
379,12.0,0.0005600000000072214,0.0,1.0634610961863519e-05
380,17.0,0.0007659999999987122,0.0,1.7709251482188944e-05
381,10.0,0.00047000000000707587,0.0,0.00019227835964978027
382,16.0,0.0007380000000125619,0.0,0.00019235103621375186
383,17.0,0.0007820000000151595,0.0,0.00014287206336678472
384,16.0,0.0007279999999809661,0.0,-2.9269029909667415e-06
385,11.0,0.0005159999999477805,0.0,0.00015922017969077085
386,10.0,0.0004849999999692045,0.0,0.0001898466777059404
387,15.0,0.0006789999999909924,0.0,2.9416767936746356e-05
388,38.0,0.001661999999953423,0.0,1.7888603329452264e-05
389,4.0,0.0002209999999536194,0.0,0.00018642244802555546
390,11.0,0.0005239999999844258,0.0,1.5922017969077074e-05
391,7.0,0.00035000000002582965,0.0,0.00019251014088870924
392,31.0,0.0013539999999920838,0.0,0.00018484927651488066
393,8.0,0.00038899999998420753,0.0,0.00018964915321920058
394,11.0,0.0005149999999503052,0.0,2.9416767936746356e-06
395,19.0,0.0008599999999887586,0.0,2.9416767936745543e-07
396,37.0,0.0016930000000456857,0.0,0.00018713523096098943
397,36.0,0.001607999999976073,0.0,0.000156479848982355
398,14.0,0.000647999999955573,0.0,1.5647984898235485e-05
399,16.0,0.0007309999999733918,0.0,-2.9680041467906285e-05
400,41.0,0.0017930000000205837,0.0,1.848492765148805e-05
401,14.0,0.0006399999999757711,0.0,0.00016535600479899637
402,9.0,0.0004299999999943793,0.0,-1.4603921047430432e-05
403,59.0,0.002541000000007898,0.0,0.00019506043341379584
404,10.0,0.0004759999999919273,0.0,0.00019260104428404443
405,7.0,0.0003580000000056316,0.0,0.0001829774237672741
406,6.0,0.0003079999999613392,0.0,0.00019267551472196192
407,16.0,0.0007390000000100372,0.0,0.00015655435735393861
408,6.0,0.0003070000000207074,0.0,1.92675514721962e-05
409,16.0,0.0007310000000302352,0.0,0.00017354758256578773
410,9.0,0.0004319999999893298,0.0,0.0001745511774681036
411,18.0,0.0008700000000203545,0.0,0.00018790917804388258
412,6.0,0.00030600000002323213,0.0,0.00019210099462728
413,6.0,0.00030900000001565786,0.0,1.9210099462727985e-05
414,13.0,0.0005990000000224427,0.0,1.5655435735393864e-05
415,44.0,0.001971999999966556,0.0,0.00013892288418131015
416,47.0,0.0020569999999793254,0.0,0.00017104601334595742
417,13.0,0.000620999999966898,0.0,0.00018756219565854856
418,29.0,0.0012890000000425061,0.0,0.00019175338676776204
419,27.0,0.0011890000000107648,0.0,0.00019093304634254355
420,52.0,0.0022979999999961365,0.0,0.00017473592504523795
421,18.0,0.0008229999999684878,0.0,1.9093304634254347e-05
422,10.0,0.0004899999999565807,0.0,1.7104601334595742e-05
423,18.0,0.0008199999999760621,0.0,0.00017360237069390417
424,23.0,0.0010430000000383188,0.0,0.00018957030318959993
425,57.0,0.0025160000000141736,1.0,0.9996853907344783
426,23.0,0.0010389999999915744,0.0,0.00018477646437448244
427,42.0,0.0018720000000485015,0.0,1.788860332945229e-06
428,32.0,0.0014229999999884058,0.0,1.8756219565854845e-05
429,25.0,0.0011030000000005202,0.0,0.00019183958881605843
430,15.0,0.0006839999999783686,0.0,1.9183958881605827e-05
431,8.0,0.0003900000000385262,0.0,1.4287206336678464e-05
432,9.0,0.0004429999999615575,0.0,0.0001403160482186674
433,24.0,0.001063999999985299,0.0,0.0001926970071844481
434,19.0,0.0008799999999951069,0.0,0.00019238971251523402
435,25.0,0.0011140000000295913,0.0,1.923897125152339e-05
436,23.0,0.0010230000000319706,0.0,0.00013802727225974094
437,22.0,0.0009900000000016007,0.0,0.0001719744968567588
438,24.0,0.0010680000000320433,0.0,0.00016114121784876093
439,56.0,0.0024359999999887805,0.0,0.00012201743770669608
440,59.0,0.002579000000025644,0.0,0.00017692155747984923
441,29.0,0.001270999999974265,0.0,0.00019266544459341692
442,5.0,0.00026599999995369217,0.0,1.9266544459341694e-05
443,25.0,0.0011279999999942447,0.0,0.0001714011044139496
444,17.0,0.000781999999958316,0.0,0.00017172095463062324
445,29.0,0.0012919999999780885,0.0,0.0001924712840935824
446,73.0,0.0031630000000291147,0.0,1.611412178487609e-05
447,26.0,0.0011640000000170403,0.0,6.963962704057206e-05
448,29.0,0.0012750000000210093,0.0,0.00017527964471699355
449,15.0,0.0006979999999998654,0.0,1.4031604821866732e-05
450,7.0,0.0003469999999765605,0.0,0.00018980044347337733
451,37.0,0.001619999999945776,0.0,0.00018668771853899924
452,27.0,0.001289999999983138,0.0,0.00016552685292545242
453,17.0,0.000776000000030308,0.0,0.00019022984977517225
454,11.0,0.0005300000000261207,0.0,0.00015870940360642827
455,36.0,0.0015639999999734755,0.0,0.00019264579811734275
456,25.0,0.0011060000000497894,0.0,1.926457981173428e-05
457,30.0,0.001335999999980686,0.0,0.0001735392440273472
458,26.0,0.0011499999999955435,0.0,0.00013461685581679048
459,14.0,0.0006449999999631473,0.0,0.00014344246819214548
460,31.0,0.001373999999998432,0.0,1.655268529254523e-05
461,61.0,0.0026189999999814972,0.0,0.00014328979883800264
462,40.0,0.0017280000000141627,0.0,0.00016689611927402225
463,16.0,0.0007289999999784413,0.0,0.000154398114593471
464,33.0,0.0014489999999796055,0.0,0.00018252892420250478
465,8.0,0.0003899999999816828,0.0,0.00019249602724693413
466,26.0,0.0011449999999513238,0.0,0.0001843169433330762
467,4.0,0.00021999999995614417,0.0,1.9249602724693416e-05
468,14.0,0.0006490000000098917,0.0,0.00017249549561802117
469,21.0,0.0009309999999800311,0.0,1.7249549561802123e-05
470,20.0,0.0009729999999876782,0.0,0.00018872601485683848
471,26.0,0.0011729999999943175,0.0,-3.622698209612471e-05
472,37.0,0.0016360000000190666,0.0,0.0001925166803606653
473,12.0,0.0005620000000021719,0.0,0.00014593450613482864
474,7.0,0.00034800000003087916,0.0,1.9251668036066537e-05
475,17.0,0.0007850000000075852,0.0,0.0001438900880828057
476,55.0,0.0023669999999924585,0.0,0.0001429742323129481
477,6.0,0.00030600000002323213,0.0,0.00019212812785198823
478,13.0,0.0006159999999795218,0.0,0.00016473224147991469
479,43.0,0.0018730000000459768,0.0,0.00017304889314451768
480,17.0,0.0007689999999911379,0.0,0.00016261913115332095
481,14.0,0.0006529999999997926,0.0,0.0001486471275625423
482,12.0,0.0005579999999554275,0.0,0.00011445489567919555
483,63.0,0.0027729999999905885,0.0,0.00019571143967148625
484,12.0,0.0005570000000147957,0.0,0.00019103584997983585
485,36.0,0.0016210000000000946,0.0,1.9571143967148634e-05
486,17.0,0.0007710000000429318,0.0,0.00017489143411090002
487,64.0,0.0027339999999753672,0.0,0.0001903921090922528
488,31.0,0.0013730000000009568,0.0,5.3126663913606104e-05
489,15.0,0.0006819999999834181,0.0,0.00016816955311896038
490,19.0,0.0008559999999988577,0.0,0.0001909382626238735
491,12.0,0.0005740000000287182,0.0,1.6816955311896032e-05
492,55.0,0.0023810000000139553,0.0,-0.03747675794162733
493,8.0,0.00038900000004105095,0.0,1.6816955311895951e-06
494,16.0,0.0007269999999834909,0.0,0.00016948917978800603
495,4.0,0.0002229999999485699,0.0,0.00019241222400297878
496,46.0,0.0020539999999868996,0.0,0.000187381973951267
497,24.0,0.00107500000001437,0.0,0.0001405461427882952
498,9.0,0.00044200000002092565,0.0,1.6948917978800587e-05
499,13.0,0.0005980000000249674,0.0,0.00012579808947699086
500,14.0,0.0006920000000150139,0.0,5.312666391360624e-06
501,20.0,0.0008949999999572356,0.0,0.00018505649272136952
502,15.0,0.0007630000000062864,0.0,1.4054614278829515e-05
503,11.0,0.0005150000000071486,0.0,0.00018706209130554133
504,14.0,0.0006399999999757711,0.0,1.486471275625423e-05
505,13.0,0.0005970000000274922,0.0,0.00015275683723757775
506,21.0,0.0009540000000356486,0.0,0.00015884533057147556
507,12.0,0.0005600000000072214,0.0,0.0001458671595716124
508,8.0,0.00039399999997158375,0.0,0.00019255876081870365
509,22.0,0.0010399999999890497,0.0,1.4054614278829407e-06
510,5.0,0.00026800000000548607,0.0,0.00017382341563781112
511,16.0,0.0007420000000024629,0.0,0.00016970272366351858
512,20.0,0.0008940000000166037,0.0,1.6970272366351852e-05
513,15.0,0.0006960000000049149,0.0,1.7382341563781115e-05
514,19.0,0.0008520000000089567,0.0,0.00014329155638928215
515,16.0,0.0007350000000201362,0.0,0.00014208541592890858
516,16.0,0.0007249999999885404,0.0,1.7382341563781142e-06
517,10.0,0.0005259999999793763,0.0,0.00017344003282868594
518,9.0,0.000436999999976706,0.0,4.391799982873389e-05
519,26.0,0.0011650000000145155,0.0,0.00018891217707673499
520,24.0,0.0010680000000320433,0.0,1.4054614278828322e-07
521,13.0,0.0006079999999997199,0.0,0.000158847795614425
522,14.0,0.0006470000000149412,0.0,1.8891217707673496e-05
523,38.0,0.0016759999999749198,0.0,0.00017313550742369796
524,18.0,0.0008809999999925822,0.0,0.0001926590240537143
525,11.0,0.0005219999999894753,0.0,0.00016654482770801448
526,7.0,0.00036199999999553256,0.0,0.00019231587335553205
527,23.0,0.001021999999977652,0.0,0.00017533862490797764
528,48.0,0.002066999999954078,0.0,-0.0009187469500876947
529,18.0,0.0008229999999684878,0.0,0.00018814120470200745
530,12.0,0.0005600000000072214,0.0,1.5884779561442497e-05
531,28.0,0.0012409999999931642,0.0,0.00019259374148043233
532,10.0,0.00047399999999697684,0.0,1.9259374148043236e-05
533,15.0,0.000688000000025113,0.0,0.000137548104600493
534,22.0,0.0009779999999750544,0.0,0.00018864924506412163
535,13.0,0.0006520000000023174,0.0,0.00018883320657590584
536,26.0,0.0011680000000069413,0.0,1.4329155638928223e-05
537,15.0,0.0006829999999808933,0.0,0.00019180985093580812
538,5.0,0.00026300000001810986,0.0,1.9180985093580807e-05
539,13.0,0.000596000000030017,0.0,0.00015726406813246327
540,27.0,0.0011989999999855172,0.0,0.0001432447500649546
541,9.0,0.0004319999999893298,0.0,0.00016956247597489248
542,14.0,0.000642000000027565,0.0,0.0001543176596360326
543,14.0,0.0006409999999732463,0.0,0.00016942842818865205
544,5.0,0.0002640000000155851,0.0,1.9180985093580915e-06
545,21.0,0.0009510000000432228,0.0,1.918098509357956e-07
546,33.0,0.0014560000000187756,0.0,0.00016930414862954127
547,6.0,0.00030900000001565786,0.0,0.00017180131767069378
548,32.0,0.0014099999999643842,0.0,0.00018973554964922618
549,22.0,0.0009789999999725296,0.0,0.00016969549352525984
550,24.0,0.001079000000004271,0.0,0.0001743082759008868
551,19.0,0.0008599999999887586,0.0,0.00016760663538365768
552,13.0,0.0006020000000148684,0.0,1.543176596360325e-05
553,17.0,0.0007700000000454565,0.0,0.00016098828311392682
554,23.0,0.0010199999999827014,0.0,0.00019263494068490192
555,58.0,0.002513000000021748,0.0,0.00010487735767541589
556,63.0,0.002739000000019587,1.0,0.8809752145541005
557,6.0,0.0003070000000207074,0.0,1.5431765963603195e-06
558,39.0,0.001688000000001466,0.0,1.4324475006495448e-05
559,45.0,0.0019469999999728316,0.0,0.00018715933284588844
560,6.0,0.0003059999999663887,0.0,1.543176596360211e-07
561,9.0,0.0004320000000461732,0.0,1.543176596360482e-08
562,8.0,0.000390999999979158,0.0,1.4324475006495421e-06
563,11.0,0.0005250000000387445,0.0,0.0001912935071138423
564,23.0,0.001017999999987751,0.0,0.00016112528938672015
565,15.0,0.0006900000000200635,0.0,0.00019538940677465034
566,7.0,0.00034799999997403575,0.0,0.00019024593958731062
567,22.0,0.0009880000000066502,0.0,0.00015685934947113085
568,11.0,0.0005179999999995744,0.0,0.00018202475339530833
569,76.0,0.003340999999977612,0.0,0.00017699457071833333
570,5.0,0.0002669999999511674,0.0,0.00016970476547989552
571,18.0,0.0009670000000028267,0.0,1.697047654798954e-05
572,13.0,0.0006160000000363652,0.0,1.5685934947113093e-05
573,18.0,0.0008409999999798856,0.0,1.6098828311392682e-05
574,27.0,0.0011930000000006658,0.0,0.0001462833565939572
575,12.0,0.0005620000000021719,0.0,0.00015602741532025295
576,26.0,0.0011619999999652464,0.0,0.00017269549845527722
577,19.0,0.0008529999999495885,0.0,1.726954984552771e-05
578,12.0,0.0005639999999971224,0.0,1.726954984552771e-06
579,16.0,0.0007830000000126347,0.0,1.7269549845526627e-07
580,24.0,0.0010849999999891224,1.0,0.08809752145541005
581,18.0,0.0008159999999861611,0.0,0.00013493953012839747
582,14.0,0.0006539999999972679,0.0,0.00018440145525846344
583,28.0,0.0012310000000184118,0.0,4.5716112373049025e-05
584,15.0,0.0006879999999682695,0.0,1.6112528938672007e-05
585,15.0,0.0006839999999783686,0.0,0.00016160112369052867
586,10.0,0.0004759999999919273,0.0,1.6160112369052873e-05
587,6.0,0.0003239999999777865,0.0,0.00010928006989647279
588,7.0,0.00034999999996898623,0.0,4.315016634985657e-05
589,22.0,0.0010110000000054242,0.0,0.0001870722817819192
590,8.0,0.00039100000003600144,0.0,1.8707228178191913e-05
591,13.0,0.0006010000000173932,0.0,1.8707228178191967e-06
592,18.0,0.0008550000000013824,0.0,0.0001927063430608416
593,7.0,0.00036199999999553256,0.0,1.9270634306084162e-05
594,8.0,0.00039399999997158375,0.0,0.00018595715528591333
595,24.0,0.001071000000024469,0.0,0.00018729534126928627
596,38.0,0.001675000000034288,0.0,0.0001388663401083853
597,14.0,0.0006490000000098917,0.0,0.0001927068957693327
598,6.0,0.0003070000000207074,0.0,0.00019079615875606127
599,78.0,0.00339400000001433,0.0,1.9270689576933258e-05
600,35.0,0.0015340000000492182,0.0,0.0001711151689110091
601,12.0,0.0005580000000122709,0.0,-1.2597941344742134e-05
602,15.0,0.0006870000000276377,0.0,-1.259794134474227e-06
603,8.0,0.00038899999998420753,0.0,0.00019162918924133394
604,16.0,0.0007729999999810389,0.0,2.9583478822395624e-05
605,26.0,0.001148000000000593,0.0,1.9270689576933258e-06
606,47.0,0.002025000000003274,0.0,2.9583478822395705e-06
607,24.0,0.001059999999995398,0.0,0.0001860100616218711
608,13.0,0.0006220000000212167,0.0,1.9538940677465028e-05
609,20.0,0.0008959999999547108,0.0,2.9583478822396247e-07
610,4.0,0.0002209999999536194,0.0,1.8601006162187114e-05
611,29.0,0.001320000000021082,0.0,0.00015691742525440928
612,7.0,0.00036399999999048305,0.0,2.9583478822382695e-08
613,14.0,0.0006440000000225155,0.0,0.0001226129820584429
614,17.0,0.0007689999999911379,0.0,1.3886634010838522e-05
615,12.0,0.0005600000000072214,0.0,0.00019093198248105805
616,8.0,0.00039100000003600144,0.0,1.3886634010838576e-06
617,6.0,0.0003169999999954598,0.0,0.0001889941911299328
618,12.0,0.0005590000000097461,0.0,-3.208329302010091e-05
619,26.0,0.0011580000000321888,0.0,0.00018624756963194077
620,15.0,0.000688000000025113,0.0,-3.2083293020100992e-06
621,48.0,0.002104999999971824,0.0,0.00016975116047732397
622,12.0,0.0006139999999845713,0.0,0.00019222376501863055
623,12.0,0.000565000000051441,0.0,1.9222376501863052e-05
624,29.0,0.0012879999999881875,0.0,0.00019101819553418505
625,18.0,0.0008109999999987849,0.0,0.0001430409854139372
626,13.0,0.0006030000000123437,0.0,1.6975116047732397e-05
627,38.0,0.0016679999999951178,0.0,4.652625790160301e-05
628,9.0,0.0004340000000411237,0.0,4.6526257901603144e-06
629,11.0,0.0005209999999920001,0.0,0.00016903985820536084
630,21.0,0.000937000000021726,0.0,0.00017060501829727363
631,44.0,0.0019169999999917309,0.0,0.0001926656392816503
632,11.0,0.0005179999999995744,0.0,1.926656392816503e-05
633,13.0,0.0006010000000173932,0.0,0.000167426500908991
634,18.0,0.0008200000000329055,0.0,0.0001649349561105485
635,22.0,0.0009800000000268483,0.0,0.00015701834020958143
636,27.0,0.0011969999999905667,0.0,0.0001714233632243295
637,31.0,0.0013690000000110558,0.0,0.00014583434129173138
638,13.0,0.0005990000000224427,0.0,0.00018841555485617258
639,38.0,0.0016469999999912943,0.0,1.8841555485617266e-05
640,10.0,0.0004729999999995016,0.0,0.00017477196603209595
641,17.0,0.0007689999999911379,0.0,0.00019236327482539755
642,8.0,0.0003879999999867323,0.0,0.00019257012387695398
643,22.0,0.0010319999999524043,0.0,0.00019267399238707663
644,16.0,0.0007279999999809661,0.0,1.6903985820536068e-05
645,15.0,0.0007049999999821921,0.0,0.00016966801604412218
646,23.0,0.0010270000000218715,0.0,0.0001226717531732599
647,9.0,0.00043500000003859896,0.0,0.0001737838243005264
648,9.0,0.0004319999999893298,0.0,0.00016974014301499867
649,15.0,0.0006960000000049149,0.0,0.00015804938173757282
650,14.0,0.000642000000027565,0.0,0.00016601802891283522
651,5.0,0.00026300000001810986,0.0,1.6601802891283527e-05
652,30.0,0.001312999999981912,0.0,1.4583434129173127e-05
653,26.0,0.0011620000000220898,0.0,1.4583434129173236e-06
654,17.0,0.0007689999999911379,0.0,0.00017386637179973407
655,14.0,0.000647999999955573,0.0,0.00018979452944580864
656,22.0,0.0009779999999750544,0.0,0.0001886474927171586
657,8.0,0.0003929999999741085,0.0,0.00017379135554101234
658,18.0,0.0008100000000013097,0.0,0.00019163389133023653
659,10.0,0.0004750000000512955,0.0,1.5804938173757282e-05
660,10.0,0.0005019999999831271,0.0,-3.064166554283355e-05
661,6.0,0.0003099999999562897,0.0,1.9163389133023648e-05
662,21.0,0.0009400000000141517,0.0,-3.0641665542833552e-06
663,12.0,0.0005779999999617758,0.0,0.000149950179916825
664,12.0,0.0005659999999920728,0.0,0.00016744632107317547
665,17.0,0.0007699999999886131,0.0,7.035033623754841e-05
666,59.0,0.0025519999999801257,0.0,0.0001702456246151088
667,18.0,0.0008109999999987849,0.0,0.0001926200560827358
668,20.0,0.0009080000000381006,0.0,1.9262005608273563e-05
669,4.0,0.00022100000001046283,0.0,1.9262005608273536e-06
670,11.0,0.0005390000000033979,0.0,1.737913555410124e-05
671,5.0,0.00027900000003455716,0.0,1.926200560827462e-07
672,9.0,0.00043999999996913175,0.0,1.737913555410113e-06
673,12.0,0.0005739999999718748,0.0,0.00019136174380891008
674,32.0,0.0013979999999946813,0.0,0.00016585094208637678
675,4.0,0.0002319999999826905,0.0,1.9262005608263778e-08
676,15.0,0.0006850000000326872,0.0,0.0001243330070392712
677,9.0,0.000436999999976706,0.0,0.0001926754924898534
678,14.0,0.0006480000000124164,0.0,0.0001740677295389461
679,6.0,0.0003059999999663887,0.0,1.7406772953894604e-05
680,16.0,0.0007780000000252585,0.0,0.00016762389731758018
681,18.0,0.0008139999999912106,0.0,0.00018413954338250077
682,7.0,0.00034800000003087916,0.0,0.00016718505321246753
683,18.0,0.0008150000000455293,0.0,0.00019048597819911609
684,18.0,0.0008129999999937354,0.0,0.0001094184995790291
685,10.0,0.0004959999999982756,0.0,0.00018452025109049258
686,54.0,0.0023510000000328546,0.0,0.0001812597383236705
687,104.0,0.004443999999978132,0.0,1.8125973832367034e-05
688,7.0,0.00036599999998543353,0.0,0.00019265194065164326
689,12.0,0.0005639999999971224,0.0,0.0001898926212733373
690,11.0,0.0006270000000085929,0.0,1.6762389731758015e-05
691,18.0,0.0008159999999861611,0.0,1.926519406516433e-05
692,48.0,0.0020910000000071705,0.0,0.00014706312395813188
693,24.0,0.0010679999999752,0.0,0.00016970565120897677
694,15.0,0.0006869999999707943,0.0,0.00017361233669225566
695,18.0,0.0008679999999685606,0.0,0.00019258365426374043
696,11.0,0.0005390000000033979,0.0,6.9639627040572e-06
697,18.0,0.000822000000027856,0.0,0.0001451603170943047
698,24.0,0.0010679999999752,0.0,0.00014038183541792117
699,19.0,0.0009570000000280743,0.0,0.00018632699328689913
700,19.0,0.0008719999999584616,0.0,1.4516031709430472e-05
701,21.0,0.0010130000000003747,0.0,0.00019047813048267946
702,10.0,0.0004799999999818283,0.0,0.00016881628926666598
703,6.0,0.0003079999999613392,0.0,0.0001915660446478072
704,17.0,0.0007830000000126347,0.0,0.00019115892432964156
705,24.0,0.001063000000044667,0.0,0.00018515759010333266
706,9.0,0.00043299999998680505,0.0,1.688162892666658e-05
707,14.0,0.0006400000000326145,0.0,0.00018666582556339562
708,18.0,0.000914000000022952,0.0,0.00017161833945968482
709,7.0,0.00036599999998543353,0.0,0.00018342845459698854
710,33.0,0.001652000000035514,0.0,1.4038183541792106e-05
711,29.0,0.0013850000000275031,0.0,1.8342845459698854e-05
712,8.0,0.00044400000001587614,0.0,0.00018983807643649386
713,8.0,0.0004989999999907013,0.0,0.00019034364336907415
714,29.0,0.0013349999999832107,0.0,0.00019229906298601782
715,17.0,0.0007739999999785141,0.0,1.9229906298601787e-05
716,16.0,0.0007330000000251857,0.0,-1.506032541424081e-05
717,11.0,0.0005219999999894753,0.0,0.00017306635390647968
718,7.0,0.00035000000002582965,0.0,1.7306635390647974e-05
719,23.0,0.0010500000000206455,0.0,1.90343643369074e-05
720,14.0,0.0006489999999530482,0.0,-1.5060325414240864e-06
721,10.0,0.000482999999974254,0.0,0.00017630666292576587
722,14.0,0.0006520000000023174,0.0,0.00015858248184867318
723,19.0,0.000872000000015305,0.0,1.9034364336907399e-06
724,7.0,0.0003530000000182554,0.0,0.00016792149476656427
725,44.0,0.0019110000000068794,0.0,5.312666391360488e-07
726,24.0,0.0010760000000118453,0.0,0.00019119793754054308
727,30.0,0.0013289999999983593,0.0,0.0001852743807084683
728,28.0,0.0012340000000108375,0.0,0.000154338682322356
729,32.0,0.0014099999999643842,0.0,0.0001819204522978483
730,6.0,0.00030600000002323213,0.0,0.00016956598880440876
731,13.0,0.0006010000000173932,0.0,0.00018464752113670583
732,21.0,0.0009390000000166765,0.0,1.846475211367057e-05
733,14.0,0.0006559999999922184,0.0,0.00019227650166810144
734,10.0,0.00047699999998940257,0.0,0.0001425638170442354
735,16.0,0.0007959999999798129,0.0,0.00019265833084986433
736,14.0,0.000647999999955573,0.0,0.00016966166375248487
737,58.0,0.002514999999959855,0.0,0.00018955821625900679
738,11.0,0.0005189999999970496,0.0,0.00017774978216973514
739,15.0,0.0006960000000049149,0.0,1.7774978216973512e-05
740,23.0,0.0010300000000142973,0.0,0.0001825033225978826
741,21.0,0.0009399999999573083,0.0,0.00015320517115456007
742,5.0,0.0002649999999562169,0.0,0.0001923360213945302
743,13.0,0.0006039999999529755,0.0,1.5320517115456015e-05
744,37.0,0.0016249999999899956,0.0,-0.0005696022537457551
745,4.0,0.00023300000003700916,0.0,1.8955821625900668e-05
746,12.0,0.0005649999999945976,0.0,0.00019255207635490628
747,12.0,0.0005689999999844986,0.0,0.00014394077736227935
748,21.0,0.000945000000001528,0.0,0.00016744353032836448
749,28.0,0.0012980000000197833,0.0,0.00015613794445079062
750,8.0,0.0003920000000334767,0.0,1.674435303283643e-05
751,21.0,0.0009549999999762804,0.0,1.4394077736227921e-05
752,8.0,0.000394999999969059,0.0,0.0001691744188714257
753,62.0,0.002762000000018361,0.0,0.00019594745337101814
754,14.0,0.0006489999999530482,0.0,0.0001744383642594829
755,38.0,0.0016529999999761458,0.0,0.0001898990756886045
756,18.0,0.0008250000000202817,0.0,1.7443836425948294e-05
757,10.0,0.0004759999999919273,0.0,0.0001926192737752937
758,36.0,0.0016239999999925203,0.0,1.7443836425948267e-06
759,14.0,0.0006490000000098917,0.0,0.00012915065233321508
760,33.0,0.0014669999999910033,0.0,1.5613794445079046e-05
761,16.0,0.0007380000000125619,0.0,1.4394077736227813e-06
762,29.0,0.0012810000000058608,0.0,0.00019232108406553195
763,9.0,0.0004359999999792308,0.0,1.4394077736226457e-07
764,12.0,0.0005619999999453285,0.0,0.00019079903601735594
765,19.0,0.0009039999999913562,0.0,0.0001877810594372328
766,34.0,0.001496999999972104,0.0,0.0001891752842629432
767,25.0,0.0011010000000055697,0.0,1.7443836425947183e-07
768,18.0,0.0008320000000026084,0.0,1.877810594372328e-05
769,9.0,0.0004359999999792308,0.0,0.00019084226683344245
770,29.0,0.0013069999999970605,0.0,1.7443836425941762e-08
771,22.0,0.0009919999999965512,0.0,0.00019269885568637835
772,7.0,0.00035500000001320586,0.0,0.00016831200140936055
773,16.0,0.0007259999999860156,0.0,0.00019270066332873335
774,8.0,0.00039399999997158375,0.0,1.9270066332873327e-05
775,71.0,0.0030940000000327927,0.0,1.7443836426050182e-09
776,45.0,0.0019559999999501088,0.0,0.00019255839896289848
777,6.0,0.00030600000002323213,0.0,1.9255839896289837e-05
778,10.0,0.0004749999999944521,0.0,1.6831200140936053e-05
779,20.0,0.0009079999999812571,0.0,1.9255839896289864e-06
780,37.0,0.0016600000000153159,0.0,0.00016717083957940878
781,54.0,0.0023410000000012587,0.0,0.00015420298487233168
782,17.0,0.0007690000000479813,0.0,0.00019231914992907595
783,31.0,0.0013529999999946085,0.0,0.0001683599778701191
784,27.0,0.001205000000027212,0.0,0.00017531620283935335
785,7.0,0.0003469999999765605,0.0,1.753162028393532e-05
786,16.0,0.0007909999999924366,0.0,1.7531620283935318e-06
787,6.0,0.0003059999999663887,0.0,1.7531620283934776e-07
788,23.0,0.001040000000045893,0.0,-1.3304630933914984e-05
789,8.0,0.00039199999997663326,0.0,1.907990360173559e-05
790,32.0,0.0013989999999921565,0.0,0.00014593983470192104
791,24.0,0.0010699999999701504,0.0,0.0001923744210837321
792,15.0,0.0006870000000276377,0.0,1.9237442108373205e-05
793,15.0,0.0006930000000124892,0.0,1.923744210837326e-06
794,6.0,0.00030600000002323213,0.0,0.00017370601061369366
795,12.0,0.0005590000000097461,0.0,-1.3304630933915038e-06
796,9.0,0.00045799999998052954,0.0,0.00016778235460178115
797,9.0,0.0004410000000234504,0.0,0.000162079630927611
798,4.0,0.00022400000000288856,0.0,0.0001926596265913875
799,33.0,0.0014990000000238979,0.0,-0.00018770150663718468
800,17.0,0.0007850000000075852,0.0,0.00019125569332832697
801,12.0,0.0005600000000072214,0.0,0.00019270171622469987
802,14.0,0.0006419999999707215,0.0,0.00015462162002075676
803,34.0,0.0014810000000125,0.0,1.9270171622469976e-05
804,12.0,0.0005859999999984211,0.0,1.9125569332832686e-05
805,8.0,0.00039100000003600144,0.0,1.927017162247003e-06
806,8.0,0.000390999999979158,0.0,1.5462162002075676e-05
807,26.0,0.0011470000000031177,0.0,0.00015797744618563204
808,13.0,0.0006070000000022446,0.0,0.00019163429734026514
809,17.0,0.0007669999999961874,0.0,0.00017361607601116728
810,18.0,0.000808999999946991,0.0,0.00019016972245916887
811,27.0,0.0011930000000006658,0.0,0.00019116000517325574
812,40.0,0.0017329999999446954,0.0,0.00018805602159195975
813,6.0,0.0003059999999663887,0.0,0.00018982313725240588
814,10.0,0.0004759999999919273,0.0,-1.0903856076647058e-05
815,7.0,0.00034799999997403575,0.0,0.00014373390621949585
816,7.0,0.0003559999999538377,0.0,0.00016575307680361155
817,19.0,0.0008520000000089567,0.0,0.00019065972398371272
818,10.0,0.00047400000005382026,0.0,0.0001697045611915867
819,4.0,0.00021999999995614417,0.0,1.697045611915866e-05
820,8.0,0.000390999999979158,0.0,0.00015950243367930216
821,18.0,0.0008280000000127075,0.0,0.00017348379951216648
822,4.0,0.00022599999999783904,0.0,1.9065972398371264e-05
823,12.0,0.0005600000000072214,0.0,1.734837995121663e-05
824,12.0,0.0005600000000072214,0.0,2.8619072628178338e-05
825,11.0,0.0005820000000085201,0.0,0.00016601186519846667
826,10.0,0.00048100000003614696,0.0,0.0001879273430407902
827,23.0,0.001048000000025695,0.0,0.0001690697325699763
828,21.0,0.000941000000011627,0.0,-2.6847550973025215e-05
829,19.0,0.000853000000006432,0.0,0.00016735614069569583
830,9.0,0.0004450000000133514,0.0,2.7024703138540506e-05
831,8.0,0.000390999999979158,0.0,-2.7006987921989e-05
832,53.0,0.0022780000000466316,0.0,0.00019235943269984058
833,11.0,0.0005189999999970496,0.0,1.9235943269984055e-05
834,20.0,0.0008960000000115542,0.0,0.00019149123218956612
835,15.0,0.0006839999999783686,0.0,0.00019198275730600485
836,19.0,0.0008500000000140062,0.0,0.00015583318567651317
837,12.0,0.0005660000000489163,0.0,0.0001909898997307937
838,7.0,0.0003519999999639367,0.0,0.00018825666409052374
839,9.0,0.0004299999999943793,0.0,0.0001751560160841787
840,19.0,0.0009139999999661086,0.0,1.8825666409052382e-05
841,14.0,0.0006450000000199907,0.0,0.00018553940854368418
842,9.0,0.0004450000000133514,0.0,1.751560160841788e-05
843,26.0,0.0011450000000081673,0.0,0.000189768014815596
844,27.0,0.0012430000000449581,0.0,0.00015709324916634443
845,12.0,0.0005590000000097461,0.0,-2.7006987921988944e-06
846,8.0,0.0004089999999905558,0.0,0.0001925874225415386
847,30.0,0.0013270000000034088,0.0,0.00018519564986995245
848,6.0,0.0003070000000207074,0.0,1.9258742254153863e-05
849,11.0,0.0005179999999995744,0.0,1.855394085436841e-05
850,8.0,0.00038699999998925705,0.0,0.0001893605766857286
851,32.0,0.0014019999999845822,0.0,1.893605766857285e-05
852,18.0,0.0008670000000279288,0.0,1.8825666409052382e-06
853,29.0,0.0012870000000475557,0.0,0.00019490103271815526
854,14.0,0.0006449999999631473,0.0,0.00017147834187882457
855,13.0,0.0005999999999630745,0.0,0.00018695471821172902
856,26.0,0.0011460000000056425,0.0,1.8695471821172894e-05
857,14.0,0.0006569999999896936,0.0,1.7147834187882443e-05
858,14.0,0.0006430000000250402,0.0,1.8695471821172894e-06
859,18.0,0.0008520000000089567,0.0,1.9490103271815515e-05
860,36.0,0.0015890000000240434,0.0,1.59502433679302e-05
861,8.0,0.0003929999999741085,0.0,0.0001924751539628793
862,12.0,0.0005569999999579522,0.0,1.8825666409051298e-07
863,16.0,0.0007739999999785141,0.0,1.714783418788247e-06
864,4.0,0.00022200000000793807,0.0,0.00019260466492528272
865,17.0,0.0007899999999949614,0.0,1.9247515396287918e-05
866,11.0,0.0005160000000046239,0.0,3.130448257263605e-05
867,40.0,0.0017259999999623687,0.0,0.00019235173178165527
868,62.0,0.002655000000004293,0.0,0.0001703612049712782
869,5.0,0.00026299999996126644,0.0,0.00015995804937552898
870,50.0,0.0021839999999997417,0.0,0.00019453676482836458
871,14.0,0.0006489999999530482,0.0,1.5995804937552876e-05
872,32.0,0.0014169999999467109,0.0,1.599580493755274e-06
873,26.0,0.0011589999999728207,0.0,1.5995804937551927e-07
874,13.0,0.0006039999999529755,0.0,0.00015844370387691539
875,27.0,0.0012370000000032633,0.0,0.000195628771874076
876,15.0,0.0006970000000023902,0.0,0.0001925802527726423
877,9.0,0.0004319999999893298,0.0,-2.6579009978579423e-05
878,33.0,0.0014400000000023283,0.0,0.00016611183500789335
879,16.0,0.0007250000000453838,0.0,0.00019223277662419098
880,19.0,0.0008730000000127802,0.0,-2.6579009978579314e-06
881,4.0,0.00021900000001551234,0.0,1.9223277662419087e-05
882,19.0,0.0009139999999661086,0.0,0.0001929763795890678
883,28.0,0.0012330000000133623,0.0,1.9562877187407604e-05
884,18.0,0.0008179999999811116,0.0,0.0001373620317054152
885,7.0,0.0003470000000334039,0.0,2.9443668136057232e-05
886,17.0,0.0007719999999835636,0.0,0.00015082940348045996
887,14.0,0.0006459999999606225,0.0,0.00019260197591490982
888,14.0,0.0006550000000515865,0.0,0.00017654747435694474
889,52.0,0.0022529999999960637,0.0,0.00016963020464166658
890,33.0,0.0014510000000313994,0.0,0.00019209251491524297
891,9.0,0.0004319999999893298,0.0,1.9209251491524287e-05
892,14.0,0.0006860000000301625,0.0,0.0001847664656513544
893,4.0,0.00022699999999531428,0.0,0.0001913770817949717
894,7.0,0.0003510000000233049,0.0,0.0001678752074906759
895,18.0,0.0008280000000127075,0.0,1.9137708179497157e-05
896,10.0,0.00047899999998435305,0.0,1.913770817949705e-06
897,8.0,0.00039400000002842717,0.0,0.0001923106533192934
898,25.0,0.0011069999999904212,0.0,1.9231065331929326e-05
899,12.0,0.0005590000000097461,0.0,0.00018701110465514675
900,24.0,0.001079000000004271,0.0,1.9231065331929407e-06
901,9.0,0.0004319999999893298,0.0,1.8701110465514675e-05
902,17.0,0.0007700000000454565,0.0,1.584437038769154e-05
903,17.0,0.0007650000000012369,0.0,0.00018602543072344198
904,8.0,0.00039100000003600144,0.0,1.8602543072344198e-05
905,11.0,0.0005130000000121981,0.0,0.0001734227010024232
906,10.0,0.00047399999999697684,0.0,1.5844370387691647e-06
907,17.0,0.0007669999999961874,0.0,1.7342270100242327e-05
908,14.0,0.0006440000000225155,0.0,1.73422701002423e-06
909,12.0,0.0005620000000021719,0.0,1.5082940348045987e-05
910,10.0,0.0004709999999477077,0.0,0.00014361782662223685
911,20.0,0.0009059999999863066,0.0,0.0001587412949982871
912,48.0,0.0020959999999945467,0.0,0.0001675665405611038
913,43.0,0.001856999999972686,0.0,1.9297637958906773e-05
914,7.0,0.00034800000003087916,0.0,0.00018599011057013462
915,4.0,0.00022999999998774,0.0,1.8599011057013462e-05
916,20.0,0.0008900000000267028,0.0,1.859901105701338e-06
917,46.0,0.0020450000000096225,0.0,0.0001925251251666287
918,7.0,0.0003720000000271284,0.0,1.9252512516662856e-05
919,6.0,0.00030499999996891347,0.0,1.9252512516662883e-06
920,26.0,0.0011509999999930187,0.0,1.5844370387691105e-07
921,11.0,0.0005229999999869506,0.0,0.0001403891157465525
922,11.0,0.0005200000000513683,0.0,1.4038911574655241e-05
923,21.0,0.000937000000021726,0.0,0.0001899803459218853
924,12.0,0.0005560000000173204,0.0,0.0001539528721003445
925,33.0,0.0014380000000073778,0.0,0.0001646207887772761
926,23.0,0.0010300000000142973,0.0,0.00019165932232400416
927,8.0,0.00038899999998420753,0.0,0.00019246363846163643
928,36.0,0.0015690000000176951,0.0,0.00019117188438361996
929,9.0,0.0004299999999943793,0.0,0.0001887790452775099
930,20.0,0.0009000000000014552,0.0,1.9117188438362e-05
931,17.0,0.0007659999999987122,0.0,0.00019259861052388087
932,5.0,0.00032200000003967943,0.0,1.911718843836211e-06
933,28.0,0.0012429999999881147,0.0,0.00018803066410508882
934,5.0,0.00026500000001306034,0.0,0.00017383488417356655
935,15.0,0.0006890000000225882,0.0,1.911718843836238e-07
936,32.0,0.0014630000000011023,0.0,1.3736203170541513e-05
937,12.0,0.0005750000000261934,0.0,1.646207887772761e-05
938,20.0,0.000895000000014079,0.0,0.00019288244819052957
939,4.0,0.00022100000001046283,0.0,0.00019197515613521483
940,32.0,0.0013989999999921565,0.0,1.9288244819052952e-05
941,7.0,0.00035500000001320586,0.0,0.0001753218993760836
942,49.0,0.002177000000017415,0.0,0.00019176814326578876
943,18.0,0.0008140000000480541,0.0,1.7383488417356655e-05
944,12.0,0.0005719999999769243,0.0,0.0001926205753921251
945,15.0,0.0006890000000225882,0.0,-2.8063250348070283e-05
946,4.0,0.0002250000000003638,0.0,1.9262057539212496e-05
947,11.0,0.0005350000000134969,0.0,1.880306641050889e-05
948,20.0,0.0008960000000115542,0.0,0.00018980792194134933
949,28.0,0.0012389999999982138,0.0,2.6903133201036e-05
950,34.0,0.0015450000000214459,0.0,0.00018693360169743265
951,14.0,0.0006440000000225155,0.0,0.00017342529237843434
952,18.0,0.0008149999999886859,0.0,-2.7019144915739436e-05
953,14.0,0.0006429999999681968,0.0,0.0001864234163226494
954,6.0,0.00032500000003210516,0.0,1.8642341632264933e-05
955,18.0,0.0008139999999912106,0.0,0.00015564659925360942
956,12.0,0.0005840000000034706,0.0,0.00019225601774169155
957,7.0,0.00034999999996898623,0.0,1.8642341632264824e-06
958,9.0,0.00043300000004364847,0.0,1.556465992536094e-05
959,16.0,0.0007299999999759166,0.0,0.00013546704163480637
960,10.0,0.00047600000004877074,0.0,0.00018181226047033063
961,24.0,0.00107500000001437,0.0,0.00019050963238630066
962,17.0,0.0007709999999860884,0.0,1.354670416348064e-05
963,8.0,0.00044200000002092565,0.0,0.00017535761340654657
964,19.0,0.0008660000000304535,0.0,0.0001695076265779028
965,16.0,0.0007439999999974134,0.0,1.3546704163480748e-06
966,14.0,0.0006460000000174659,0.0,2.9844925277477854e-05
967,32.0,0.0014189999999985048,0.0,0.00015915397229536825
968,33.0,0.001458000000013726,0.0,-2.6724965708095248e-05
969,4.0,0.0002230000000054133,0.0,0.00017353802179014233
970,10.0,0.00047899999998435305,0.0,2.7036961665033525e-05
971,7.0,0.00040099999995391045,0.0,0.00019234243516261484
972,20.0,0.0009119999999711581,0.0,0.0001902337065858225
973,34.0,0.001580999999987398,0.0,2.703696166503355e-06
974,8.0,0.0003969999999640095,0.0,0.0001693602455875898
975,11.0,0.0005179999999995744,0.0,0.00015630946504809323
976,4.0,0.0002230000000054133,0.0,1.6936024558758973e-05
977,10.0,0.0004999999999881766,0.0,0.00019234492303757744
978,37.0,0.0016070000000354412,0.0,1.6936024558758891e-06
979,30.0,0.0013879999999630854,0.0,0.00019158053601761582
980,23.0,0.0010260000000243963,0.0,1.9158053601761588e-05
981,27.0,0.0011880000000132895,0.0,1.8980792194134928e-05
982,16.0,0.0007269999999834909,0.0,1.3736203170541404e-06
983,7.0,0.0003580000000056316,0.0,0.00018737244476772666
984,11.0,0.0005160000000046239,0.0,1.915805360176156e-06
985,11.0,0.0005179999999995744,0.0,0.00016905573846074298
986,7.0,0.0003580000000056316,0.0,0.0001670697473640331
987,10.0,0.00047399999999697684,0.0,0.00017331130248928521
988,12.0,0.0005580000000122709,0.0,0.000168329610687031
989,9.0,0.0004360000000360742,0.0,0.0001693560365773834
990,4.0,0.0002230000000054133,0.0,1.693560365773834e-05
991,4.0,0.00022400000000288856,0.0,0.0001688559838491362
992,14.0,0.0006429999999681968,0.0,1.9050963238630055e-05
993,19.0,0.0009050000000456748,0.0,1.693560365773842e-06
994,6.0,0.0003209999999853608,0.0,-2.9439088619192714e-05
995,24.0,0.0010730000000194195,0.0,0.00013304926563127288
996,4.0,0.00022599999999783904,0.0,0.0001726908626785042
997,9.0,0.00043799999997418126,0.0,0.00015500863070536022
998,11.0,0.0005179999999995744,0.0,0.000168138038242564
999,7.0,0.00035700000000815635,0.0,0.00018400408060446923
1000,0.0,0.0,0.0,0.0
1001,0.0,0.0,0.0,0.0
1002,0.0,0.0,0.0,0.0
1003,0.0,0.0,0.0,0.0
1004,0.0,0.0,0.0,0.0
1005,0.0,0.0,0.0,0.0
1006,0.0,0.0,0.0,0.0
1007,0.0,0.0,0.0,0.0
1008,0.0,0.0,0.0,0.0
1009,0.0,0.0,0.0,0.0
1010,0.0,0.0,0.0,0.0
1011,0.0,0.0,0.0,0.0
1012,0.0,0.0,0.0,0.0
1013,0.0,0.0,0.0,0.0
1014,0.0,0.0,0.0,0.0
1015,0.0,0.0,0.0,0.0
1016,0.0,0.0,0.0,0.0
1017,0.0,0.0,0.0,0.0
1018,0.0,0.0,0.0,0.0
1019,0.0,0.0,0.0,0.0
1020,0.0,0.0,0.0,0.0
1021,0.0,0.0,0.0,0.0
1022,0.0,0.0,0.0,0.0
1023,0.0,0.0,0.0,0.0
1024,0.0,0.0,0.0,0.0
1025,0.0,0.0,0.0,0.0
1026,0.0,0.0,0.0,0.0
1027,0.0,0.0,0.0,0.0
1028,0.0,0.0,0.0,0.0
1029,0.0,0.0,0.0,0.0
1030,0.0,0.0,0.0,0.0
1031,0.0,0.0,0.0,0.0
1032,0.0,0.0,0.0,0.0
1033,0.0,0.0,0.0,0.0
1034,0.0,0.0,0.0,0.0
1035,0.0,0.0,0.0,0.0
1036,0.0,0.0,0.0,0.0
1037,0.0,0.0,0.0,0.0
1038,0.0,0.0,0.0,0.0
1039,0.0,0.0,0.0,0.0
1040,0.0,0.0,0.0,0.0
1041,0.0,0.0,0.0,0.0
1042,0.0,0.0,0.0,0.0
1043,0.0,0.0,0.0,0.0
1044,0.0,0.0,0.0,0.0
1045,0.0,0.0,0.0,0.0
1046,0.0,0.0,0.0,0.0
1047,0.0,0.0,0.0,0.0
1048,0.0,0.0,0.0,0.0
1049,0.0,0.0,0.0,0.0
1050,0.0,0.0,0.0,0.0
1051,0.0,0.0,0.0,0.0
1052,0.0,0.0,0.0,0.0
1053,0.0,0.0,0.0,0.0
1054,0.0,0.0,0.0,0.0
1055,0.0,0.0,0.0,0.0
1056,0.0,0.0,0.0,0.0
1057,0.0,0.0,0.0,0.0
1058,0.0,0.0,0.0,0.0
1059,0.0,0.0,0.0,0.0
1060,0.0,0.0,0.0,0.0
1061,0.0,0.0,0.0,0.0
1062,0.0,0.0,0.0,0.0
1063,0.0,0.0,0.0,0.0
1064,0.0,0.0,0.0,0.0
1065,0.0,0.0,0.0,0.0
1066,0.0,0.0,0.0,0.0
1067,0.0,0.0,0.0,0.0
1068,0.0,0.0,0.0,0.0
1069,0.0,0.0,0.0,0.0
1070,0.0,0.0,0.0,0.0
1071,0.0,0.0,0.0,0.0
1072,0.0,0.0,0.0,0.0
1073,0.0,0.0,0.0,0.0
1074,0.0,0.0,0.0,0.0
1075,0.0,0.0,0.0,0.0
1076,0.0,0.0,0.0,0.0
1077,0.0,0.0,0.0,0.0
1078,0.0,0.0,0.0,0.0
1079,0.0,0.0,0.0,0.0
1080,0.0,0.0,0.0,0.0
1081,0.0,0.0,0.0,0.0
1082,0.0,0.0,0.0,0.0
1083,0.0,0.0,0.0,0.0
1084,0.0,0.0,0.0,0.0
1085,0.0,0.0,0.0,0.0
1086,0.0,0.0,0.0,0.0
1087,0.0,0.0,0.0,0.0
1088,0.0,0.0,0.0,0.0
1089,0.0,0.0,0.0,0.0
1090,0.0,0.0,0.0,0.0
1091,0.0,0.0,0.0,0.0
1092,0.0,0.0,0.0,0.0
1093,0.0,0.0,0.0,0.0
1094,0.0,0.0,0.0,0.0
1095,0.0,0.0,0.0,0.0
1096,0.0,0.0,0.0,0.0
1097,0.0,0.0,0.0,0.0
1098,0.0,0.0,0.0,0.0
1099,0.0,0.0,0.0,0.0
1100,0.0,0.0,0.0,0.0
1101,0.0,0.0,0.0,0.0
1102,0.0,0.0,0.0,0.0
1103,0.0,0.0,0.0,0.0
1104,0.0,0.0,0.0,0.0
1105,0.0,0.0,0.0,0.0
1106,0.0,0.0,0.0,0.0
1107,0.0,0.0,0.0,0.0
1108,0.0,0.0,0.0,0.0
1109,0.0,0.0,0.0,0.0
1110,0.0,0.0,0.0,0.0
1111,0.0,0.0,0.0,0.0
1112,0.0,0.0,0.0,0.0
1113,0.0,0.0,0.0,0.0
1114,0.0,0.0,0.0,0.0
1115,0.0,0.0,0.0,0.0
1116,0.0,0.0,0.0,0.0
1117,0.0,0.0,0.0,0.0
1118,0.0,0.0,0.0,0.0
1119,0.0,0.0,0.0,0.0
1120,0.0,0.0,0.0,0.0
1121,0.0,0.0,0.0,0.0
1122,0.0,0.0,0.0,0.0
1123,0.0,0.0,0.0,0.0
1124,0.0,0.0,0.0,0.0
1125,0.0,0.0,0.0,0.0
1126,0.0,0.0,0.0,0.0
1127,0.0,0.0,0.0,0.0
1128,0.0,0.0,0.0,0.0
1129,0.0,0.0,0.0,0.0
1130,0.0,0.0,0.0,0.0
1131,0.0,0.0,0.0,0.0
1132,0.0,0.0,0.0,0.0
1133,0.0,0.0,0.0,0.0
1134,0.0,0.0,0.0,0.0
1135,0.0,0.0,0.0,0.0
1136,0.0,0.0,0.0,0.0
1137,0.0,0.0,0.0,0.0
1138,0.0,0.0,0.0,0.0
1139,0.0,0.0,0.0,0.0
1140,0.0,0.0,0.0,0.0
1141,0.0,0.0,0.0,0.0
1142,0.0,0.0,0.0,0.0
1143,0.0,0.0,0.0,0.0
1144,0.0,0.0,0.0,0.0
1145,0.0,0.0,0.0,0.0
1146,0.0,0.0,0.0,0.0
1147,0.0,0.0,0.0,0.0
1148,0.0,0.0,0.0,0.0
1149,0.0,0.0,0.0,0.0
1150,0.0,0.0,0.0,0.0
1151,0.0,0.0,0.0,0.0
1152,0.0,0.0,0.0,0.0
1153,0.0,0.0,0.0,0.0
1154,0.0,0.0,0.0,0.0
1155,0.0,0.0,0.0,0.0
1156,0.0,0.0,0.0,0.0
1157,0.0,0.0,0.0,0.0
1158,0.0,0.0,0.0,0.0
1159,0.0,0.0,0.0,0.0
1160,0.0,0.0,0.0,0.0
1161,0.0,0.0,0.0,0.0
1162,0.0,0.0,0.0,0.0
1163,0.0,0.0,0.0,0.0
1164,0.0,0.0,0.0,0.0
1165,0.0,0.0,0.0,0.0
1166,0.0,0.0,0.0,0.0
1167,0.0,0.0,0.0,0.0
1168,0.0,0.0,0.0,0.0
1169,0.0,0.0,0.0,0.0
1170,0.0,0.0,0.0,0.0
1171,0.0,0.0,0.0,0.0
1172,0.0,0.0,0.0,0.0
1173,0.0,0.0,0.0,0.0
1174,0.0,0.0,0.0,0.0
1175,0.0,0.0,0.0,0.0
1176,0.0,0.0,0.0,0.0
1177,0.0,0.0,0.0,0.0
1178,0.0,0.0,0.0,0.0
1179,0.0,0.0,0.0,0.0
1180,0.0,0.0,0.0,0.0
1181,0.0,0.0,0.0,0.0
1182,0.0,0.0,0.0,0.0
1183,0.0,0.0,0.0,0.0
1184,0.0,0.0,0.0,0.0
1185,0.0,0.0,0.0,0.0
1186,0.0,0.0,0.0,0.0
1187,0.0,0.0,0.0,0.0
1188,0.0,0.0,0.0,0.0
1189,0.0,0.0,0.0,0.0
1190,0.0,0.0,0.0,0.0
1191,0.0,0.0,0.0,0.0
1192,0.0,0.0,0.0,0.0
1193,0.0,0.0,0.0,0.0
1194,0.0,0.0,0.0,0.0
1195,0.0,0.0,0.0,0.0
1196,0.0,0.0,0.0,0.0
1197,0.0,0.0,0.0,0.0
1198,0.0,0.0,0.0,0.0
1199,0.0,0.0,0.0,0.0
1200,0.0,0.0,0.0,0.0
1201,0.0,0.0,0.0,0.0
1202,0.0,0.0,0.0,0.0
1203,0.0,0.0,0.0,0.0
1204,0.0,0.0,0.0,0.0
1205,0.0,0.0,0.0,0.0
1206,0.0,0.0,0.0,0.0
1207,0.0,0.0,0.0,0.0
1208,0.0,0.0,0.0,0.0
1209,0.0,0.0,0.0,0.0
1210,0.0,0.0,0.0,0.0
1211,0.0,0.0,0.0,0.0
1212,0.0,0.0,0.0,0.0
1213,0.0,0.0,0.0,0.0
1214,0.0,0.0,0.0,0.0
1215,0.0,0.0,0.0,0.0
1216,0.0,0.0,0.0,0.0
1217,0.0,0.0,0.0,0.0
1218,0.0,0.0,0.0,0.0
1219,0.0,0.0,0.0,0.0
1220,0.0,0.0,0.0,0.0
1221,0.0,0.0,0.0,0.0
1222,0.0,0.0,0.0,0.0
1223,0.0,0.0,0.0,0.0
1224,0.0,0.0,0.0,0.0
1225,0.0,0.0,0.0,0.0
1226,0.0,0.0,0.0,0.0
1227,0.0,0.0,0.0,0.0
1228,0.0,0.0,0.0,0.0
1229,0.0,0.0,0.0,0.0
1230,0.0,0.0,0.0,0.0
1231,0.0,0.0,0.0,0.0
1232,0.0,0.0,0.0,0.0
1233,0.0,0.0,0.0,0.0
1234,0.0,0.0,0.0,0.0
1235,0.0,0.0,0.0,0.0
1236,0.0,0.0,0.0,0.0
1237,0.0,0.0,0.0,0.0
1238,0.0,0.0,0.0,0.0
1239,0.0,0.0,0.0,0.0
1240,0.0,0.0,0.0,0.0
1241,0.0,0.0,0.0,0.0
1242,0.0,0.0,0.0,0.0
1243,0.0,0.0,0.0,0.0
1244,0.0,0.0,0.0,0.0
1245,0.0,0.0,0.0,0.0
1246,0.0,0.0,0.0,0.0
1247,0.0,0.0,0.0,0.0
1248,0.0,0.0,0.0,0.0
1249,0.0,0.0,0.0,0.0
1250,0.0,0.0,0.0,0.0
1251,0.0,0.0,0.0,0.0
1252,0.0,0.0,0.0,0.0
1253,0.0,0.0,0.0,0.0
1254,0.0,0.0,0.0,0.0
1255,0.0,0.0,0.0,0.0
1256,0.0,0.0,0.0,0.0
1257,0.0,0.0,0.0,0.0
1258,0.0,0.0,0.0,0.0
1259,0.0,0.0,0.0,0.0
1260,0.0,0.0,0.0,0.0
1261,0.0,0.0,0.0,0.0
1262,0.0,0.0,0.0,0.0
1263,0.0,0.0,0.0,0.0
1264,0.0,0.0,0.0,0.0
1265,0.0,0.0,0.0,0.0
1266,0.0,0.0,0.0,0.0
1267,0.0,0.0,0.0,0.0
1268,0.0,0.0,0.0,0.0
1269,0.0,0.0,0.0,0.0
1270,0.0,0.0,0.0,0.0
1271,0.0,0.0,0.0,0.0
1272,0.0,0.0,0.0,0.0
1273,0.0,0.0,0.0,0.0
1274,0.0,0.0,0.0,0.0
1275,0.0,0.0,0.0,0.0
1276,0.0,0.0,0.0,0.0
1277,0.0,0.0,0.0,0.0
1278,0.0,0.0,0.0,0.0
1279,0.0,0.0,0.0,0.0
1280,0.0,0.0,0.0,0.0
1281,0.0,0.0,0.0,0.0
1282,0.0,0.0,0.0,0.0
1283,0.0,0.0,0.0,0.0
1284,0.0,0.0,0.0,0.0
1285,0.0,0.0,0.0,0.0
1286,0.0,0.0,0.0,0.0
1287,0.0,0.0,0.0,0.0
1288,0.0,0.0,0.0,0.0
1289,0.0,0.0,0.0,0.0
1290,0.0,0.0,0.0,0.0
1291,0.0,0.0,0.0,0.0
1292,0.0,0.0,0.0,0.0
1293,0.0,0.0,0.0,0.0
1294,0.0,0.0,0.0,0.0
1295,0.0,0.0,0.0,0.0
1296,0.0,0.0,0.0,0.0
1297,0.0,0.0,0.0,0.0
1298,0.0,0.0,0.0,0.0
1299,0.0,0.0,0.0,0.0
1300,0.0,0.0,0.0,0.0
1301,0.0,0.0,0.0,0.0
1302,0.0,0.0,0.0,0.0
1303,0.0,0.0,0.0,0.0
1304,0.0,0.0,0.0,0.0
1305,0.0,0.0,0.0,0.0
1306,0.0,0.0,0.0,0.0
1307,0.0,0.0,0.0,0.0
1308,0.0,0.0,0.0,0.0
1309,0.0,0.0,0.0,0.0
1310,0.0,0.0,0.0,0.0
1311,0.0,0.0,0.0,0.0
1312,0.0,0.0,0.0,0.0
1313,0.0,0.0,0.0,0.0
1314,0.0,0.0,0.0,0.0
1315,0.0,0.0,0.0,0.0
1316,0.0,0.0,0.0,0.0
1317,0.0,0.0,0.0,0.0
1318,0.0,0.0,0.0,0.0
1319,0.0,0.0,0.0,0.0
1320,0.0,0.0,0.0,0.0
1321,0.0,0.0,0.0,0.0
1322,0.0,0.0,0.0,0.0
1323,0.0,0.0,0.0,0.0
1324,0.0,0.0,0.0,0.0
1325,0.0,0.0,0.0,0.0
1326,0.0,0.0,0.0,0.0
1327,0.0,0.0,0.0,0.0
1328,0.0,0.0,0.0,0.0
1329,0.0,0.0,0.0,0.0
1330,0.0,0.0,0.0,0.0
1331,0.0,0.0,0.0,0.0
1332,0.0,0.0,0.0,0.0
1333,0.0,0.0,0.0,0.0
1334,0.0,0.0,0.0,0.0
1335,0.0,0.0,0.0,0.0
1336,0.0,0.0,0.0,0.0
1337,0.0,0.0,0.0,0.0
1338,0.0,0.0,0.0,0.0
1339,0.0,0.0,0.0,0.0
1340,0.0,0.0,0.0,0.0
1341,0.0,0.0,0.0,0.0
1342,0.0,0.0,0.0,0.0
1343,0.0,0.0,0.0,0.0
1344,0.0,0.0,0.0,0.0
1345,0.0,0.0,0.0,0.0
1346,0.0,0.0,0.0,0.0
1347,0.0,0.0,0.0,0.0
1348,0.0,0.0,0.0,0.0
1349,0.0,0.0,0.0,0.0
1350,0.0,0.0,0.0,0.0
1351,0.0,0.0,0.0,0.0
1352,0.0,0.0,0.0,0.0
1353,0.0,0.0,0.0,0.0
1354,0.0,0.0,0.0,0.0
1355,0.0,0.0,0.0,0.0
1356,0.0,0.0,0.0,0.0
1357,0.0,0.0,0.0,0.0
1358,0.0,0.0,0.0,0.0
1359,0.0,0.0,0.0,0.0
1360,0.0,0.0,0.0,0.0
1361,0.0,0.0,0.0,0.0
1362,0.0,0.0,0.0,0.0
1363,0.0,0.0,0.0,0.0
1364,0.0,0.0,0.0,0.0
1365,0.0,0.0,0.0,0.0
1366,0.0,0.0,0.0,0.0
1367,0.0,0.0,0.0,0.0
1368,0.0,0.0,0.0,0.0
1369,0.0,0.0,0.0,0.0
1370,0.0,0.0,0.0,0.0
1371,0.0,0.0,0.0,0.0
1372,0.0,0.0,0.0,0.0
1373,0.0,0.0,0.0,0.0
1374,0.0,0.0,0.0,0.0
1375,0.0,0.0,0.0,0.0
1376,0.0,0.0,0.0,0.0
1377,0.0,0.0,0.0,0.0
1378,0.0,0.0,0.0,0.0
1379,0.0,0.0,0.0,0.0
1380,0.0,0.0,0.0,0.0
1381,0.0,0.0,0.0,0.0
1382,0.0,0.0,0.0,0.0
1383,0.0,0.0,0.0,0.0
1384,0.0,0.0,0.0,0.0
1385,0.0,0.0,0.0,0.0
1386,0.0,0.0,0.0,0.0
1387,0.0,0.0,0.0,0.0
1388,0.0,0.0,0.0,0.0
1389,0.0,0.0,0.0,0.0
1390,0.0,0.0,0.0,0.0
1391,0.0,0.0,0.0,0.0
1392,0.0,0.0,0.0,0.0
1393,0.0,0.0,0.0,0.0
1394,0.0,0.0,0.0,0.0
1395,0.0,0.0,0.0,0.0
1396,0.0,0.0,0.0,0.0
1397,0.0,0.0,0.0,0.0
1398,0.0,0.0,0.0,0.0
1399,0.0,0.0,0.0,0.0
1400,0.0,0.0,0.0,0.0
1401,0.0,0.0,0.0,0.0
1402,0.0,0.0,0.0,0.0
1403,0.0,0.0,0.0,0.0
1404,0.0,0.0,0.0,0.0
1405,0.0,0.0,0.0,0.0
1406,0.0,0.0,0.0,0.0
1407,0.0,0.0,0.0,0.0
1408,0.0,0.0,0.0,0.0
1409,0.0,0.0,0.0,0.0
1410,0.0,0.0,0.0,0.0
1411,0.0,0.0,0.0,0.0
1412,0.0,0.0,0.0,0.0
1413,0.0,0.0,0.0,0.0
1414,0.0,0.0,0.0,0.0
1415,0.0,0.0,0.0,0.0
1416,0.0,0.0,0.0,0.0
1417,0.0,0.0,0.0,0.0
1418,0.0,0.0,0.0,0.0
1419,0.0,0.0,0.0,0.0
1420,0.0,0.0,0.0,0.0
1421,0.0,0.0,0.0,0.0
1422,0.0,0.0,0.0,0.0
1423,0.0,0.0,0.0,0.0
1424,0.0,0.0,0.0,0.0
1425,0.0,0.0,0.0,0.0
1426,0.0,0.0,0.0,0.0
1427,0.0,0.0,0.0,0.0
1428,0.0,0.0,0.0,0.0
1429,0.0,0.0,0.0,0.0
1430,0.0,0.0,0.0,0.0
1431,0.0,0.0,0.0,0.0
1432,0.0,0.0,0.0,0.0
1433,0.0,0.0,0.0,0.0
1434,0.0,0.0,0.0,0.0
1435,0.0,0.0,0.0,0.0
1436,0.0,0.0,0.0,0.0
1437,0.0,0.0,0.0,0.0
1438,0.0,0.0,0.0,0.0
1439,0.0,0.0,0.0,0.0
1440,0.0,0.0,0.0,0.0
1441,0.0,0.0,0.0,0.0
1442,0.0,0.0,0.0,0.0
1443,0.0,0.0,0.0,0.0
1444,0.0,0.0,0.0,0.0
1445,0.0,0.0,0.0,0.0
1446,0.0,0.0,0.0,0.0
1447,0.0,0.0,0.0,0.0
1448,0.0,0.0,0.0,0.0
1449,0.0,0.0,0.0,0.0
1450,0.0,0.0,0.0,0.0
1451,0.0,0.0,0.0,0.0
1452,0.0,0.0,0.0,0.0
1453,0.0,0.0,0.0,0.0
1454,0.0,0.0,0.0,0.0
1455,0.0,0.0,0.0,0.0
1456,0.0,0.0,0.0,0.0
1457,0.0,0.0,0.0,0.0
1458,0.0,0.0,0.0,0.0
1459,0.0,0.0,0.0,0.0
1460,0.0,0.0,0.0,0.0
1461,0.0,0.0,0.0,0.0
1462,0.0,0.0,0.0,0.0
1463,0.0,0.0,0.0,0.0
1464,0.0,0.0,0.0,0.0
1465,0.0,0.0,0.0,0.0
1466,0.0,0.0,0.0,0.0
1467,0.0,0.0,0.0,0.0
1468,0.0,0.0,0.0,0.0
1469,0.0,0.0,0.0,0.0
1470,0.0,0.0,0.0,0.0
1471,0.0,0.0,0.0,0.0
1472,0.0,0.0,0.0,0.0
1473,0.0,0.0,0.0,0.0
1474,0.0,0.0,0.0,0.0
1475,0.0,0.0,0.0,0.0
1476,0.0,0.0,0.0,0.0
1477,0.0,0.0,0.0,0.0
1478,0.0,0.0,0.0,0.0
1479,0.0,0.0,0.0,0.0
1480,0.0,0.0,0.0,0.0
1481,0.0,0.0,0.0,0.0
1482,0.0,0.0,0.0,0.0
1483,0.0,0.0,0.0,0.0
1484,0.0,0.0,0.0,0.0
1485,0.0,0.0,0.0,0.0
1486,0.0,0.0,0.0,0.0
1487,0.0,0.0,0.0,0.0
1488,0.0,0.0,0.0,0.0
1489,0.0,0.0,0.0,0.0
1490,0.0,0.0,0.0,0.0
1491,0.0,0.0,0.0,0.0
1492,0.0,0.0,0.0,0.0
1493,0.0,0.0,0.0,0.0
1494,0.0,0.0,0.0,0.0
1495,0.0,0.0,0.0,0.0
1496,0.0,0.0,0.0,0.0
1497,0.0,0.0,0.0,0.0
1498,0.0,0.0,0.0,0.0
1499,0.0,0.0,0.0,0.0
1500,0.0,0.0,0.0,0.0
1501,0.0,0.0,0.0,0.0
1502,0.0,0.0,0.0,0.0
1503,0.0,0.0,0.0,0.0
1504,0.0,0.0,0.0,0.0
1505,0.0,0.0,0.0,0.0
1506,0.0,0.0,0.0,0.0
1507,0.0,0.0,0.0,0.0
1508,0.0,0.0,0.0,0.0
1509,0.0,0.0,0.0,0.0
1510,0.0,0.0,0.0,0.0
1511,0.0,0.0,0.0,0.0
1512,0.0,0.0,0.0,0.0
1513,0.0,0.0,0.0,0.0
1514,0.0,0.0,0.0,0.0
1515,0.0,0.0,0.0,0.0
1516,0.0,0.0,0.0,0.0
1517,0.0,0.0,0.0,0.0
1518,0.0,0.0,0.0,0.0
1519,0.0,0.0,0.0,0.0
1520,0.0,0.0,0.0,0.0
1521,0.0,0.0,0.0,0.0
1522,0.0,0.0,0.0,0.0
1523,0.0,0.0,0.0,0.0
1524,0.0,0.0,0.0,0.0
1525,0.0,0.0,0.0,0.0
1526,0.0,0.0,0.0,0.0
1527,0.0,0.0,0.0,0.0
1528,0.0,0.0,0.0,0.0
1529,0.0,0.0,0.0,0.0
1530,0.0,0.0,0.0,0.0
1531,0.0,0.0,0.0,0.0
1532,0.0,0.0,0.0,0.0
1533,0.0,0.0,0.0,0.0
1534,0.0,0.0,0.0,0.0
1535,0.0,0.0,0.0,0.0
1536,0.0,0.0,0.0,0.0
1537,0.0,0.0,0.0,0.0
1538,0.0,0.0,0.0,0.0
1539,0.0,0.0,0.0,0.0
1540,0.0,0.0,0.0,0.0
1541,0.0,0.0,0.0,0.0
1542,0.0,0.0,0.0,0.0
1543,0.0,0.0,0.0,0.0
1544,0.0,0.0,0.0,0.0
1545,0.0,0.0,0.0,0.0
1546,0.0,0.0,0.0,0.0
1547,0.0,0.0,0.0,0.0
1548,0.0,0.0,0.0,0.0
1549,0.0,0.0,0.0,0.0
1550,0.0,0.0,0.0,0.0
1551,0.0,0.0,0.0,0.0
1552,0.0,0.0,0.0,0.0
1553,0.0,0.0,0.0,0.0
1554,0.0,0.0,0.0,0.0
1555,0.0,0.0,0.0,0.0
1556,0.0,0.0,0.0,0.0
1557,0.0,0.0,0.0,0.0
1558,0.0,0.0,0.0,0.0
1559,0.0,0.0,0.0,0.0
1560,0.0,0.0,0.0,0.0
1561,0.0,0.0,0.0,0.0
1562,0.0,0.0,0.0,0.0
1563,0.0,0.0,0.0,0.0
1564,0.0,0.0,0.0,0.0
1565,0.0,0.0,0.0,0.0
1566,0.0,0.0,0.0,0.0
1567,0.0,0.0,0.0,0.0
1568,0.0,0.0,0.0,0.0
1569,0.0,0.0,0.0,0.0
1570,0.0,0.0,0.0,0.0
1571,0.0,0.0,0.0,0.0
1572,0.0,0.0,0.0,0.0
1573,0.0,0.0,0.0,0.0
1574,0.0,0.0,0.0,0.0
1575,0.0,0.0,0.0,0.0
1576,0.0,0.0,0.0,0.0
1577,0.0,0.0,0.0,0.0
1578,0.0,0.0,0.0,0.0
1579,0.0,0.0,0.0,0.0
1580,0.0,0.0,0.0,0.0
1581,0.0,0.0,0.0,0.0
1582,0.0,0.0,0.0,0.0
1583,0.0,0.0,0.0,0.0
1584,0.0,0.0,0.0,0.0
1585,0.0,0.0,0.0,0.0
1586,0.0,0.0,0.0,0.0
1587,0.0,0.0,0.0,0.0
1588,0.0,0.0,0.0,0.0
1589,0.0,0.0,0.0,0.0
1590,0.0,0.0,0.0,0.0
1591,0.0,0.0,0.0,0.0
1592,0.0,0.0,0.0,0.0
1593,0.0,0.0,0.0,0.0
1594,0.0,0.0,0.0,0.0
1595,0.0,0.0,0.0,0.0
1596,0.0,0.0,0.0,0.0
1597,0.0,0.0,0.0,0.0
1598,0.0,0.0,0.0,0.0
1599,0.0,0.0,0.0,0.0
1600,0.0,0.0,0.0,0.0
1601,0.0,0.0,0.0,0.0
1602,0.0,0.0,0.0,0.0
1603,0.0,0.0,0.0,0.0
1604,0.0,0.0,0.0,0.0
1605,0.0,0.0,0.0,0.0
1606,0.0,0.0,0.0,0.0
1607,0.0,0.0,0.0,0.0
1608,0.0,0.0,0.0,0.0
1609,0.0,0.0,0.0,0.0
1610,0.0,0.0,0.0,0.0
1611,0.0,0.0,0.0,0.0
1612,0.0,0.0,0.0,0.0
1613,0.0,0.0,0.0,0.0
1614,0.0,0.0,0.0,0.0
1615,0.0,0.0,0.0,0.0
1616,0.0,0.0,0.0,0.0
1617,0.0,0.0,0.0,0.0
1618,0.0,0.0,0.0,0.0
1619,0.0,0.0,0.0,0.0
1620,0.0,0.0,0.0,0.0
1621,0.0,0.0,0.0,0.0
1622,0.0,0.0,0.0,0.0
1623,0.0,0.0,0.0,0.0
1624,0.0,0.0,0.0,0.0
1625,0.0,0.0,0.0,0.0
1626,0.0,0.0,0.0,0.0
1627,0.0,0.0,0.0,0.0
1628,0.0,0.0,0.0,0.0
1629,0.0,0.0,0.0,0.0
1630,0.0,0.0,0.0,0.0
1631,0.0,0.0,0.0,0.0
1632,0.0,0.0,0.0,0.0
1633,0.0,0.0,0.0,0.0
1634,0.0,0.0,0.0,0.0
1635,0.0,0.0,0.0,0.0
1636,0.0,0.0,0.0,0.0
1637,0.0,0.0,0.0,0.0
1638,0.0,0.0,0.0,0.0
1639,0.0,0.0,0.0,0.0
1640,0.0,0.0,0.0,0.0
1641,0.0,0.0,0.0,0.0
1642,0.0,0.0,0.0,0.0
1643,0.0,0.0,0.0,0.0
1644,0.0,0.0,0.0,0.0
1645,0.0,0.0,0.0,0.0
1646,0.0,0.0,0.0,0.0
1647,0.0,0.0,0.0,0.0
1648,0.0,0.0,0.0,0.0
1649,0.0,0.0,0.0,0.0
1650,0.0,0.0,0.0,0.0
1651,0.0,0.0,0.0,0.0
1652,0.0,0.0,0.0,0.0
1653,0.0,0.0,0.0,0.0
1654,0.0,0.0,0.0,0.0
1655,0.0,0.0,0.0,0.0
1656,0.0,0.0,0.0,0.0
1657,0.0,0.0,0.0,0.0
1658,0.0,0.0,0.0,0.0
1659,0.0,0.0,0.0,0.0
1660,0.0,0.0,0.0,0.0
1661,0.0,0.0,0.0,0.0
1662,0.0,0.0,0.0,0.0
1663,0.0,0.0,0.0,0.0
1664,0.0,0.0,0.0,0.0
1665,0.0,0.0,0.0,0.0
1666,0.0,0.0,0.0,0.0
1667,0.0,0.0,0.0,0.0
1668,0.0,0.0,0.0,0.0
1669,0.0,0.0,0.0,0.0
1670,0.0,0.0,0.0,0.0
1671,0.0,0.0,0.0,0.0
1672,0.0,0.0,0.0,0.0
1673,0.0,0.0,0.0,0.0
1674,0.0,0.0,0.0,0.0
1675,0.0,0.0,0.0,0.0
1676,0.0,0.0,0.0,0.0
1677,0.0,0.0,0.0,0.0
1678,0.0,0.0,0.0,0.0
1679,0.0,0.0,0.0,0.0
1680,0.0,0.0,0.0,0.0
1681,0.0,0.0,0.0,0.0
1682,0.0,0.0,0.0,0.0
1683,0.0,0.0,0.0,0.0
1684,0.0,0.0,0.0,0.0
1685,0.0,0.0,0.0,0.0
1686,0.0,0.0,0.0,0.0
1687,0.0,0.0,0.0,0.0
1688,0.0,0.0,0.0,0.0
1689,0.0,0.0,0.0,0.0
1690,0.0,0.0,0.0,0.0
1691,0.0,0.0,0.0,0.0
1692,0.0,0.0,0.0,0.0
1693,0.0,0.0,0.0,0.0
1694,0.0,0.0,0.0,0.0
1695,0.0,0.0,0.0,0.0
1696,0.0,0.0,0.0,0.0
1697,0.0,0.0,0.0,0.0
1698,0.0,0.0,0.0,0.0
1699,0.0,0.0,0.0,0.0
1700,0.0,0.0,0.0,0.0
1701,0.0,0.0,0.0,0.0
1702,0.0,0.0,0.0,0.0
1703,0.0,0.0,0.0,0.0
1704,0.0,0.0,0.0,0.0
1705,0.0,0.0,0.0,0.0
1706,0.0,0.0,0.0,0.0
1707,0.0,0.0,0.0,0.0
1708,0.0,0.0,0.0,0.0
1709,0.0,0.0,0.0,0.0
1710,0.0,0.0,0.0,0.0
1711,0.0,0.0,0.0,0.0
1712,0.0,0.0,0.0,0.0
1713,0.0,0.0,0.0,0.0
1714,0.0,0.0,0.0,0.0
1715,0.0,0.0,0.0,0.0
1716,0.0,0.0,0.0,0.0
1717,0.0,0.0,0.0,0.0
1718,0.0,0.0,0.0,0.0
1719,0.0,0.0,0.0,0.0
1720,0.0,0.0,0.0,0.0
1721,0.0,0.0,0.0,0.0
1722,0.0,0.0,0.0,0.0
1723,0.0,0.0,0.0,0.0
1724,0.0,0.0,0.0,0.0
1725,0.0,0.0,0.0,0.0
1726,0.0,0.0,0.0,0.0
1727,0.0,0.0,0.0,0.0
1728,0.0,0.0,0.0,0.0
1729,0.0,0.0,0.0,0.0
1730,0.0,0.0,0.0,0.0
1731,0.0,0.0,0.0,0.0
1732,0.0,0.0,0.0,0.0
1733,0.0,0.0,0.0,0.0
1734,0.0,0.0,0.0,0.0
1735,0.0,0.0,0.0,0.0
1736,0.0,0.0,0.0,0.0
1737,0.0,0.0,0.0,0.0
1738,0.0,0.0,0.0,0.0
1739,0.0,0.0,0.0,0.0
1740,0.0,0.0,0.0,0.0
1741,0.0,0.0,0.0,0.0
1742,0.0,0.0,0.0,0.0
1743,0.0,0.0,0.0,0.0
1744,0.0,0.0,0.0,0.0
1745,0.0,0.0,0.0,0.0
1746,0.0,0.0,0.0,0.0
1747,0.0,0.0,0.0,0.0
1748,0.0,0.0,0.0,0.0
1749,0.0,0.0,0.0,0.0
1750,0.0,0.0,0.0,0.0
1751,0.0,0.0,0.0,0.0
1752,0.0,0.0,0.0,0.0
1753,0.0,0.0,0.0,0.0
1754,0.0,0.0,0.0,0.0
1755,0.0,0.0,0.0,0.0
1756,0.0,0.0,0.0,0.0
1757,0.0,0.0,0.0,0.0
1758,0.0,0.0,0.0,0.0
1759,0.0,0.0,0.0,0.0
1760,0.0,0.0,0.0,0.0
1761,0.0,0.0,0.0,0.0
1762,0.0,0.0,0.0,0.0
1763,0.0,0.0,0.0,0.0
1764,0.0,0.0,0.0,0.0
1765,0.0,0.0,0.0,0.0
1766,0.0,0.0,0.0,0.0
1767,0.0,0.0,0.0,0.0
1768,0.0,0.0,0.0,0.0
1769,0.0,0.0,0.0,0.0
1770,0.0,0.0,0.0,0.0
1771,0.0,0.0,0.0,0.0
1772,0.0,0.0,0.0,0.0
1773,0.0,0.0,0.0,0.0
1774,0.0,0.0,0.0,0.0
1775,0.0,0.0,0.0,0.0
1776,0.0,0.0,0.0,0.0
1777,0.0,0.0,0.0,0.0
1778,0.0,0.0,0.0,0.0
1779,0.0,0.0,0.0,0.0
1780,0.0,0.0,0.0,0.0
1781,0.0,0.0,0.0,0.0
1782,0.0,0.0,0.0,0.0
1783,0.0,0.0,0.0,0.0
1784,0.0,0.0,0.0,0.0
1785,0.0,0.0,0.0,0.0
1786,0.0,0.0,0.0,0.0
1787,0.0,0.0,0.0,0.0
1788,0.0,0.0,0.0,0.0
1789,0.0,0.0,0.0,0.0
1790,0.0,0.0,0.0,0.0
1791,0.0,0.0,0.0,0.0
1792,0.0,0.0,0.0,0.0
1793,0.0,0.0,0.0,0.0
1794,0.0,0.0,0.0,0.0
1795,0.0,0.0,0.0,0.0
1796,0.0,0.0,0.0,0.0
1797,0.0,0.0,0.0,0.0
1798,0.0,0.0,0.0,0.0
1799,0.0,0.0,0.0,0.0
1800,0.0,0.0,0.0,0.0
1801,0.0,0.0,0.0,0.0
1802,0.0,0.0,0.0,0.0
1803,0.0,0.0,0.0,0.0
1804,0.0,0.0,0.0,0.0
1805,0.0,0.0,0.0,0.0
1806,0.0,0.0,0.0,0.0
1807,0.0,0.0,0.0,0.0
1808,0.0,0.0,0.0,0.0
1809,0.0,0.0,0.0,0.0
1810,0.0,0.0,0.0,0.0
1811,0.0,0.0,0.0,0.0
1812,0.0,0.0,0.0,0.0
1813,0.0,0.0,0.0,0.0
1814,0.0,0.0,0.0,0.0
1815,0.0,0.0,0.0,0.0
1816,0.0,0.0,0.0,0.0
1817,0.0,0.0,0.0,0.0
1818,0.0,0.0,0.0,0.0
1819,0.0,0.0,0.0,0.0
1820,0.0,0.0,0.0,0.0
1821,0.0,0.0,0.0,0.0
1822,0.0,0.0,0.0,0.0
1823,0.0,0.0,0.0,0.0
1824,0.0,0.0,0.0,0.0
1825,0.0,0.0,0.0,0.0
1826,0.0,0.0,0.0,0.0
1827,0.0,0.0,0.0,0.0
1828,0.0,0.0,0.0,0.0
1829,0.0,0.0,0.0,0.0
1830,0.0,0.0,0.0,0.0
1831,0.0,0.0,0.0,0.0
1832,0.0,0.0,0.0,0.0
1833,0.0,0.0,0.0,0.0
1834,0.0,0.0,0.0,0.0
1835,0.0,0.0,0.0,0.0
1836,0.0,0.0,0.0,0.0
1837,0.0,0.0,0.0,0.0
1838,0.0,0.0,0.0,0.0
1839,0.0,0.0,0.0,0.0
1840,0.0,0.0,0.0,0.0
1841,0.0,0.0,0.0,0.0
1842,0.0,0.0,0.0,0.0
1843,0.0,0.0,0.0,0.0
1844,0.0,0.0,0.0,0.0
1845,0.0,0.0,0.0,0.0
1846,0.0,0.0,0.0,0.0
1847,0.0,0.0,0.0,0.0
1848,0.0,0.0,0.0,0.0
1849,0.0,0.0,0.0,0.0
1850,0.0,0.0,0.0,0.0
1851,0.0,0.0,0.0,0.0
1852,0.0,0.0,0.0,0.0
1853,0.0,0.0,0.0,0.0
1854,0.0,0.0,0.0,0.0
1855,0.0,0.0,0.0,0.0
1856,0.0,0.0,0.0,0.0
1857,0.0,0.0,0.0,0.0
1858,0.0,0.0,0.0,0.0
1859,0.0,0.0,0.0,0.0
1860,0.0,0.0,0.0,0.0
1861,0.0,0.0,0.0,0.0
1862,0.0,0.0,0.0,0.0
1863,0.0,0.0,0.0,0.0
1864,0.0,0.0,0.0,0.0
1865,0.0,0.0,0.0,0.0
1866,0.0,0.0,0.0,0.0
1867,0.0,0.0,0.0,0.0
1868,0.0,0.0,0.0,0.0
1869,0.0,0.0,0.0,0.0
1870,0.0,0.0,0.0,0.0
1871,0.0,0.0,0.0,0.0
1872,0.0,0.0,0.0,0.0
1873,0.0,0.0,0.0,0.0
1874,0.0,0.0,0.0,0.0
1875,0.0,0.0,0.0,0.0
1876,0.0,0.0,0.0,0.0
1877,0.0,0.0,0.0,0.0
1878,0.0,0.0,0.0,0.0
1879,0.0,0.0,0.0,0.0
1880,0.0,0.0,0.0,0.0
1881,0.0,0.0,0.0,0.0
1882,0.0,0.0,0.0,0.0
1883,0.0,0.0,0.0,0.0
1884,0.0,0.0,0.0,0.0
1885,0.0,0.0,0.0,0.0
1886,0.0,0.0,0.0,0.0
1887,0.0,0.0,0.0,0.0
1888,0.0,0.0,0.0,0.0
1889,0.0,0.0,0.0,0.0
1890,0.0,0.0,0.0,0.0
1891,0.0,0.0,0.0,0.0
1892,0.0,0.0,0.0,0.0
1893,0.0,0.0,0.0,0.0
1894,0.0,0.0,0.0,0.0
1895,0.0,0.0,0.0,0.0
1896,0.0,0.0,0.0,0.0
1897,0.0,0.0,0.0,0.0
1898,0.0,0.0,0.0,0.0
1899,0.0,0.0,0.0,0.0
1900,0.0,0.0,0.0,0.0
1901,0.0,0.0,0.0,0.0
1902,0.0,0.0,0.0,0.0
1903,0.0,0.0,0.0,0.0
1904,0.0,0.0,0.0,0.0
1905,0.0,0.0,0.0,0.0
1906,0.0,0.0,0.0,0.0
1907,0.0,0.0,0.0,0.0
1908,0.0,0.0,0.0,0.0
1909,0.0,0.0,0.0,0.0
1910,0.0,0.0,0.0,0.0
1911,0.0,0.0,0.0,0.0
1912,0.0,0.0,0.0,0.0
1913,0.0,0.0,0.0,0.0
1914,0.0,0.0,0.0,0.0
1915,0.0,0.0,0.0,0.0
1916,0.0,0.0,0.0,0.0
1917,0.0,0.0,0.0,0.0
1918,0.0,0.0,0.0,0.0
1919,0.0,0.0,0.0,0.0
1920,0.0,0.0,0.0,0.0
1921,0.0,0.0,0.0,0.0
1922,0.0,0.0,0.0,0.0
1923,0.0,0.0,0.0,0.0
1924,0.0,0.0,0.0,0.0
1925,0.0,0.0,0.0,0.0
1926,0.0,0.0,0.0,0.0
1927,0.0,0.0,0.0,0.0
1928,0.0,0.0,0.0,0.0
1929,0.0,0.0,0.0,0.0
1930,0.0,0.0,0.0,0.0
1931,0.0,0.0,0.0,0.0
1932,0.0,0.0,0.0,0.0
1933,0.0,0.0,0.0,0.0
1934,0.0,0.0,0.0,0.0
1935,0.0,0.0,0.0,0.0
1936,0.0,0.0,0.0,0.0
1937,0.0,0.0,0.0,0.0
1938,0.0,0.0,0.0,0.0
1939,0.0,0.0,0.0,0.0
1940,0.0,0.0,0.0,0.0
1941,0.0,0.0,0.0,0.0
1942,0.0,0.0,0.0,0.0
1943,0.0,0.0,0.0,0.0
1944,0.0,0.0,0.0,0.0
1945,0.0,0.0,0.0,0.0
1946,0.0,0.0,0.0,0.0
1947,0.0,0.0,0.0,0.0
1948,0.0,0.0,0.0,0.0
1949,0.0,0.0,0.0,0.0
1950,0.0,0.0,0.0,0.0
1951,0.0,0.0,0.0,0.0
1952,0.0,0.0,0.0,0.0
1953,0.0,0.0,0.0,0.0
1954,0.0,0.0,0.0,0.0
1955,0.0,0.0,0.0,0.0
1956,0.0,0.0,0.0,0.0
1957,0.0,0.0,0.0,0.0
1958,0.0,0.0,0.0,0.0
1959,0.0,0.0,0.0,0.0
1960,0.0,0.0,0.0,0.0
1961,0.0,0.0,0.0,0.0
1962,0.0,0.0,0.0,0.0
1963,0.0,0.0,0.0,0.0
1964,0.0,0.0,0.0,0.0
1965,0.0,0.0,0.0,0.0
1966,0.0,0.0,0.0,0.0
1967,0.0,0.0,0.0,0.0
1968,0.0,0.0,0.0,0.0
1969,0.0,0.0,0.0,0.0
1970,0.0,0.0,0.0,0.0
1971,0.0,0.0,0.0,0.0
1972,0.0,0.0,0.0,0.0
1973,0.0,0.0,0.0,0.0
1974,0.0,0.0,0.0,0.0
1975,0.0,0.0,0.0,0.0
1976,0.0,0.0,0.0,0.0
1977,0.0,0.0,0.0,0.0
1978,0.0,0.0,0.0,0.0
1979,0.0,0.0,0.0,0.0
1980,0.0,0.0,0.0,0.0
1981,0.0,0.0,0.0,0.0
1982,0.0,0.0,0.0,0.0
1983,0.0,0.0,0.0,0.0
1984,0.0,0.0,0.0,0.0
1985,0.0,0.0,0.0,0.0
1986,0.0,0.0,0.0,0.0
1987,0.0,0.0,0.0,0.0
1988,0.0,0.0,0.0,0.0
1989,0.0,0.0,0.0,0.0
1990,0.0,0.0,0.0,0.0
1991,0.0,0.0,0.0,0.0
1992,0.0,0.0,0.0,0.0
1993,0.0,0.0,0.0,0.0
1994,0.0,0.0,0.0,0.0
1995,0.0,0.0,0.0,0.0
1996,0.0,0.0,0.0,0.0
1997,0.0,0.0,0.0,0.0
1998,0.0,0.0,0.0,0.0
1999,0.0,0.0,0.0,0.0
